1 0,000615
2 0,001229
3 0,001844
4 0,002459
5 0,003073
6 0,003688
7 0,004303
8 0,004917
9 0,005532
10 0,006147
11 0,006761
12 0,007376
13 0,007990
14 0,008605
15 0,009220
16 0,009834
17 0,010449
18 0,011064
19 0,011678
20 0,012293
21 0,012908
22 0,013522
23 0,014137
24 0,014752
25 0,015366
26 0,015981
27 0,016596
28 0,017210
29 0,017825
30 0,018440
31 0,019054
32 0,019669
33 0,020284
34 0,020898
35 0,021513
36 0,022127
37 0,022742
38 0,023357
39 0,023971
40 0,024586
41 0,025201
42 0,025815
43 0,026430
44 0,027045
45 0,027659
46 0,028274
47 0,028889
48 0,029503
49 0,030118
50 0,030733
51 0,031347
52 0,031962
53 0,032577
54 0,033191
55 0,033806
56 0,034421
57 0,035035
58 0,035650
59 0,036264
60 0,036879
61 0,037494
62 0,038108
63 0,038723
64 0,039338
65 0,039952
66 0,040567
67 0,041182
68 0,041796
69 0,042411
70 0,043026
71 0,043640
72 0,044255
73 0,044870
74 0,045484
75 0,046099
76 0,046714
77 0,047328
78 0,047943
79 0,048558
80 0,049172
81 0,049787
82 0,050401
83 0,051016
84 0,051631
85 0,052245
86 0,052860
87 0,053475
88 0,054089
89 0,054704
90 0,055319
91 0,055933
92 0,056548
93 0,057163
94 0,057777
95 0,058392
96 0,059007
97 0,059621
98 0,060236
99 0,060851
100 0,061465
101 0,062080
102 0,062695
103 0,063309
104 0,063924
105 0,064538
106 0,065153
107 0,065768
108 0,066382
109 0,066997
110 0,067612
111 0,068226
112 0,068841
113 0,069456
114 0,070070
115 0,070685
116 0,071300
117 0,071914
118 0,072529
119 0,073144
120 0,073758
121 0,074373
122 0,074988
123 0,075602
124 0,076217
125 0,076832
126 0,077446
127 0,078061
128 0,078675
129 0,079290
130 0,079905
131 0,080519
132 0,081134
133 0,081749
134 0,082363
135 0,082978
136 0,083593
137 0,084207
138 0,084822
139 0,085437
140 0,086051
141 0,086666
142 0,087281
143 0,087895
144 0,088510
145 0,089125
146 0,089739
147 0,090354
148 0,090969
149 0,091583
150 0,092198
151 0,092812
152 0,093427
153 0,094042
154 0,094656
155 0,095271
156 0,095886
157 0,096500
158 0,097115
159 0,097730
160 0,098344
161 0,098959
162 0,099574
163 0,100188
164 0,100803
165 0,101418
166 0,102032
167 0,102647
168 0,103262
169 0,103876
170 0,104491
171 0,105106
172 0,105720
173 0,106335
174 0,106949
175 0,107564
176 0,108179
177 0,108793
178 0,109408
179 0,110023
180 0,110637
181 0,111252
182 0,111867
183 0,112481
184 0,113096
185 0,113711
186 0,114325
187 0,114940
188 0,115555
189 0,116169
190 0,116784
191 0,117399
192 0,118013
193 0,118628
194 0,119243
195 0,119857
196 0,120472
197 0,121086
198 0,121701
199 0,122316
200 0,122930
201 0,123545
202 0,124160
203 0,124774
204 0,125389
205 0,126004
206 0,126618
207 0,127233
208 0,127848
209 0,128462
210 0,129077
211 0,129692
212 0,130306
213 0,130921
214 0,131536
215 0,132150
216 0,132765
217 0,133380
218 0,133994
219 0,134609
220 0,135223
221 0,135838
222 0,136453
223 0,137067
224 0,137682
225 0,138297
226 0,138911
227 0,139526
228 0,140141
229 0,140755
230 0,141370
231 0,141985
232 0,142599
233 0,143214
234 0,143829
235 0,144443
236 0,145058
237 0,145673
238 0,146287
239 0,146902
240 0,147517
241 0,148131
242 0,148746
243 0,149360
244 0,149975
245 0,150590
246 0,151204
247 0,151819
248 0,152434
249 0,153048
250 0,153663
251 0,154278
252 0,154892
253 0,155507
254 0,156122
255 0,156736
256 0,157351
257 0,157966
258 0,158580
259 0,159195
260 0,159810
261 0,160424
262 0,161039
263 0,161653
264 0,162268
265 0,162883
266 0,163497
267 0,164112
268 0,164727
269 0,165341
270 0,165956
271 0,166571
272 0,167185
273 0,167800
274 0,168415
275 0,169029
276 0,169644
277 0,170259
278 0,170873
279 0,171488
280 0,172103
281 0,172717
282 0,173332
283 0,173947
284 0,174561
285 0,175176
286 0,175790
287 0,176405
288 0,177020
289 0,177634
290 0,178249
291 0,178864
292 0,179478
293 0,180093
294 0,180708
295 0,181322
296 0,181937
297 0,182552
298 0,183166
299 0,183781
300 0,184396
301 0,185010
302 0,185625
303 0,186240
304 0,186854
305 0,187469
306 0,188084
307 0,188698
308 0,189313
309 0,189927
310 0,190542
311 0,191157
312 0,191771
313 0,192386
314 0,193001
315 0,193615
316 0,194230
317 0,194845
318 0,195459
319 0,196074
320 0,196689
321 0,197303
322 0,197918
323 0,198533
324 0,199147
325 0,199762
326 0,200377
327 0,200991
328 0,201606
329 0,202221
330 0,202835
331 0,203450
332 0,204064
333 0,204679
334 0,205294
335 0,205908
336 0,206523
337 0,207138
338 0,207752
339 0,208367
340 0,208982
341 0,209596
342 0,210211
343 0,210826
344 0,211440
345 0,212055
346 0,212670
347 0,213284
348 0,213899
349 0,214514
350 0,215128
351 0,215743
352 0,216358
353 0,216972
354 0,217587
355 0,218201
356 0,218816
357 0,219431
358 0,220045
359 0,220660
360 0,221275
361 0,221889
362 0,222504
363 0,223119
364 0,223733
365 0,224348
366 0,224963
367 0,225577
368 0,226192
369 0,226807
370 0,227421
371 0,228036
372 0,228651
373 0,229265
374 0,229880
375 0,230495
376 0,231109
377 0,231724
378 0,232338
379 0,232953
380 0,233568
381 0,234182
382 0,234797
383 0,235412
384 0,236026
385 0,236641
386 0,237256
387 0,237870
388 0,238485
389 0,239100
390 0,239714
391 0,240329
392 0,240944
393 0,241558
394 0,242173
395 0,242788
396 0,243402
397 0,244017
398 0,244632
399 0,245246
400 0,245861
401 0,246475
402 0,247090
403 0,247705
404 0,248319
405 0,248934
406 0,249549
407 0,250163
408 0,250778
409 0,251393
410 0,252007
411 0,252622
412 0,253237
413 0,253851
414 0,254466
415 0,255081
416 0,255695
417 0,256310
418 0,256925
419 0,257539
420 0,258154
421 0,258769
422 0,259383
423 0,259998
424 0,260612
425 0,261227
426 0,261842
427 0,262456
428 0,263071
429 0,263686
430 0,264300
431 0,264915
432 0,265530
433 0,266144
434 0,266759
435 0,267374
436 0,267988
437 0,268603
438 0,269218
439 0,269832
440 0,270447
441 0,271062
442 0,271676
443 0,272291
444 0,272906
445 0,273520
446 0,274135
447 0,274749
448 0,275364
449 0,275979
450 0,276593
451 0,277208
452 0,277823
453 0,278437
454 0,279052
455 0,279667
456 0,280281
457 0,280896
458 0,281511
459 0,282125
460 0,282740
461 0,283355
462 0,283969
463 0,284584
464 0,285199
465 0,285813
466 0,286428
467 0,287043
468 0,287657
469 0,288272
470 0,288886
471 0,289501
472 0,290116
473 0,290730
474 0,291345
475 0,291960
476 0,292574
477 0,293189
478 0,293804
479 0,294418
480 0,295033
481 0,295648
482 0,296262
483 0,296877
484 0,297492
485 0,298106
486 0,298721
487 0,299336
488 0,299950
489 0,300565
490 0,301180
491 0,301794
492 0,302409
493 0,303023
494 0,303638
495 0,304253
496 0,304867
497 0,305482
498 0,306097
499 0,306711
500 0,307326
501 0,307941
502 0,308555
503 0,309170
504 0,309785
505 0,310399
506 0,311014
507 0,311629
508 0,312243
509 0,312858
510 0,313473
511 0,314087
512 0,314702
513 0,315317
514 0,315931
515 0,316546
516 0,317160
517 0,317775
518 0,318390
519 0,319004
520 0,319619
521 0,320234
522 0,320848
523 0,321463
524 0,322078
525 0,322692
526 0,323307
527 0,323922
528 0,324536
529 0,325151
530 0,325766
531 0,326380
532 0,326995
533 0,327610
534 0,328224
535 0,328839
536 0,329454
537 0,330068
538 0,330683
539 0,331297
540 0,331912
541 0,332527
542 0,333141
543 0,333756
544 0,334371
545 0,334985
546 0,335600
547 0,336215
548 0,336829
549 0,337444
550 0,338059
551 0,338673
552 0,339288
553 0,339903
554 0,340517
555 0,341132
556 0,341747
557 0,342361
558 0,342976
559 0,343591
560 0,344205
561 0,344820
562 0,345434
563 0,346049
564 0,346664
565 0,347278
566 0,347893
567 0,348508
568 0,349122
569 0,349737
570 0,350352
571 0,350966
572 0,351581
573 0,352196
574 0,352810
575 0,353425
576 0,354040
577 0,354654
578 0,355269
579 0,355884
580 0,356498
581 0,357113
582 0,357728
583 0,358342
584 0,358957
585 0,359571
586 0,360186
587 0,360801
588 0,361415
589 0,362030
590 0,362645
591 0,363259
592 0,363874
593 0,364489
594 0,365103
595 0,365718
596 0,366333
597 0,366947
598 0,367562
599 0,368177
600 0,368791
601 0,369406
602 0,370021
603 0,370635
604 0,371250
605 0,371865
606 0,372479
607 0,373094
608 0,373708
609 0,374323
610 0,374938
611 0,375552
612 0,376167
613 0,376782
614 0,377396
615 0,378011
616 0,378626
617 0,379240
618 0,379855
619 0,380470
620 0,381084
621 0,381699
622 0,382314
623 0,382928
624 0,383543
625 0,384158
626 0,384772
627 0,385387
628 0,386002
629 0,386616
630 0,387231
631 0,387845
632 0,388460
633 0,389075
634 0,389689
635 0,390304
636 0,390919
637 0,391533
638 0,392148
639 0,392763
640 0,393377
641 0,393992
642 0,394607
643 0,395221
644 0,395836
645 0,396451
646 0,397065
647 0,397680
648 0,398295
649 0,398909
650 0,399524
651 0,400139
652 0,400753
653 0,401368
654 0,401982
655 0,402597
656 0,403212
657 0,403826
658 0,404441
659 0,405056
660 0,405670
661 0,406285
662 0,406900
663 0,407514
664 0,408129
665 0,408744
666 0,409358
667 0,409973
668 0,410588
669 0,411202
670 0,411817
671 0,412432
672 0,413046
673 0,413661
674 0,414276
675 0,414890
676 0,415505
677 0,416119
678 0,416734
679 0,417349
680 0,417963
681 0,418578
682 0,419193
683 0,419807
684 0,420422
685 0,421037
686 0,421651
687 0,422266
688 0,422881
689 0,423495
690 0,424110
691 0,424725
692 0,425339
693 0,425954
694 0,426569
695 0,427183
696 0,427798
697 0,428413
698 0,429027
699 0,429642
700 0,430256
701 0,430871
702 0,431486
703 0,432100
704 0,432715
705 0,433330
706 0,433944
707 0,434559
708 0,435174
709 0,435788
710 0,436403
711 0,437018
712 0,437632
713 0,438247
714 0,438862
715 0,439476
716 0,440091
717 0,440706
718 0,441320
719 0,441935
720 0,442550
721 0,443164
722 0,443779
723 0,444393
724 0,445008
725 0,445623
726 0,446237
727 0,446852
728 0,447467
729 0,448081
730 0,448696
731 0,449311
732 0,449925
733 0,450540
734 0,451155
735 0,451769
736 0,452384
737 0,452999
738 0,453613
739 0,454228
740 0,454843
741 0,455457
742 0,456072
743 0,456687
744 0,457301
745 0,457916
746 0,458530
747 0,459145
748 0,459760
749 0,460374
750 0,460989
751 0,461604
752 0,462218
753 0,462833
754 0,463448
755 0,464062
756 0,464677
757 0,465292
758 0,465906
759 0,466521
760 0,467136
761 0,467750
762 0,468365
763 0,468980
764 0,469594
765 0,470209
766 0,470824
767 0,471438
768 0,472053
769 0,472667
770 0,473282
771 0,473897
772 0,474511
773 0,475126
774 0,475741
775 0,476355
776 0,476970
777 0,477585
778 0,478199
779 0,478814
780 0,479429
781 0,480043
782 0,480658
783 0,481273
784 0,481887
785 0,482502
786 0,483117
787 0,483731
788 0,484346
789 0,484960
790 0,485575
791 0,486190
792 0,486804
793 0,487419
794 0,488034
795 0,488648
796 0,489263
797 0,489878
798 0,490492
799 0,491107
800 0,491722
801 0,492336
802 0,492951
803 0,493566
804 0,494180
805 0,494795
806 0,495410
807 0,496024
808 0,496639
809 0,497254
810 0,497868
811 0,498483
812 0,499097
813 0,499712
814 0,500327
815 0,500941
816 0,501556
817 0,502171
818 0,502785
819 0,503400
820 0,504015
821 0,504629
822 0,505244
823 0,505859
824 0,506473
825 0,507088
826 0,507703
827 0,508317
828 0,508932
829 0,509547
830 0,510161
831 0,510776
832 0,511391
833 0,512005
834 0,512620
835 0,513234
836 0,513849
837 0,514464
838 0,515078
839 0,515693
840 0,516308
841 0,516922
842 0,517537
843 0,518152
844 0,518766
845 0,519381
846 0,519996
847 0,520610
848 0,521225
849 0,521840
850 0,522454
851 0,523069
852 0,523684
853 0,524298
854 0,524913
855 0,525528
856 0,526142
857 0,526757
858 0,527371
859 0,527986
860 0,528601
861 0,529215
862 0,529830
863 0,530445
864 0,531059
865 0,531674
866 0,532289
867 0,532903
868 0,533518
869 0,534133
870 0,534747
871 0,535362
872 0,535977
873 0,536591
874 0,537206
875 0,537821
876 0,538435
877 0,539050
878 0,539665
879 0,540279
880 0,540894
881 0,541508
882 0,542123
883 0,542738
884 0,543352
885 0,543967
886 0,544582
887 0,545196
888 0,545811
889 0,546426
890 0,547040
891 0,547655
892 0,548270
893 0,548884
894 0,549499
895 0,550114
896 0,550728
897 0,551343
898 0,551958
899 0,552572
900 0,553187
901 0,553802
902 0,554416
903 0,555031
904 0,555645
905 0,556260
906 0,556875
907 0,557489
908 0,558104
909 0,558719
910 0,559333
911 0,559948
912 0,560563
913 0,561177
914 0,561792
915 0,562407
916 0,563021
917 0,563636
918 0,564251
919 0,564865
920 0,565480
921 0,566095
922 0,566709
923 0,567324
924 0,567939
925 0,568553
926 0,569168
927 0,569782
928 0,570397
929 0,571012
930 0,571626
931 0,572241
932 0,572856
933 0,573470
934 0,574085
935 0,574700
936 0,575314
937 0,575929
938 0,576544
939 0,577158
940 0,577773
941 0,578388
942 0,579002
943 0,579617
944 0,580232
945 0,580846
946 0,581461
947 0,582076
948 0,582690
949 0,583305
950 0,583919
951 0,584534
952 0,585149
953 0,585763
954 0,586378
955 0,586993
956 0,587607
957 0,588222
958 0,588837
959 0,589451
960 0,590066
961 0,590681
962 0,591295
963 0,591910
964 0,592525
965 0,593139
966 0,593754
967 0,594369
968 0,594983
969 0,595598
970 0,596213
971 0,596827
972 0,597442
973 0,598056
974 0,598671
975 0,599286
976 0,599900
977 0,600515
978 0,601130
979 0,601744
980 0,602359
981 0,602974
982 0,603588
983 0,604203
984 0,604818
985 0,605432
986 0,606047
987 0,606662
988 0,607276
989 0,607891
990 0,608506
991 0,609120
992 0,609735
993 0,610350
994 0,610964
995 0,611579
996 0,612193
997 0,612808
998 0,613423
999 0,614037
1000 0,614652
1001 0,615267
1002 0,615881
1003 0,616496
1004 0,617111
1005 0,617725
1006 0,618340
1007 0,618955
1008 0,619569
1009 0,620184
1010 0,620799
1011 0,621413
1012 0,622028
1013 0,622643
1014 0,623257
1015 0,623872
1016 0,624487
1017 0,625101
1018 0,625716
1019 0,626330
1020 0,626945
1021 0,627560
1022 0,628174
1023 0,628789
1024 0,629404
1025 0,630018
1026 0,630633
1027 0,631248
1028 0,631862
1029 0,632477
1030 0,633092
1031 0,633706
1032 0,634321
1033 0,634936
1034 0,635550
1035 0,636165
1036 0,636780
1037 0,637394
1038 0,638009
1039 0,638624
1040 0,639238
1041 0,639853
1042 0,640467
1043 0,641082
1044 0,641697
1045 0,642311
1046 0,642926
1047 0,643541
1048 0,644155
1049 0,644770
1050 0,645385
1051 0,645999
1052 0,646614
1053 0,647229
1054 0,647843
1055 0,648458
1056 0,649073
1057 0,649687
1058 0,650302
1059 0,650917
1060 0,651531
1061 0,652146
1062 0,652761
1063 0,653375
1064 0,653990
1065 0,654604
1066 0,655219
1067 0,655834
1068 0,656448
1069 0,657063
1070 0,657678
1071 0,658292
1072 0,658907
1073 0,659522
1074 0,660136
1075 0,660751
1076 0,661366
1077 0,661980
1078 0,662595
1079 0,663210
1080 0,663824
1081 0,664439
1082 0,665054
1083 0,665668
1084 0,666283
1085 0,666898
1086 0,667512
1087 0,668127
1088 0,668741
1089 0,669356
1090 0,669971
1091 0,670585
1092 0,671200
1093 0,671815
1094 0,672429
1095 0,673044
1096 0,673659
1097 0,674273
1098 0,674888
1099 0,675503
1100 0,676117
1101 0,676732
1102 0,677347
1103 0,677961
1104 0,678576
1105 0,679191
1106 0,679805
1107 0,680420
1108 0,681035
1109 0,681649
1110 0,682264
1111 0,682878
1112 0,683493
1113 0,684108
1114 0,684722
1115 0,685337
1116 0,685952
1117 0,686566
1118 0,687181
1119 0,687796
1120 0,688410
1121 0,689025
1122 0,689640
1123 0,690254
1124 0,690869
1125 0,691484
1126 0,692098
1127 0,692713
1128 0,693328
1129 0,693942
1130 0,694557
1131 0,695172
1132 0,695786
1133 0,696401
1134 0,697015
1135 0,697630
1136 0,698245
1137 0,698859
1138 0,699474
1139 0,700089
1140 0,700703
1141 0,701318
1142 0,701933
1143 0,702547
1144 0,703162
1145 0,703777
1146 0,704391
1147 0,705006
1148 0,705621
1149 0,706235
1150 0,706850
1151 0,707465
1152 0,708079
1153 0,708694
1154 0,709309
1155 0,709923
1156 0,710538
1157 0,711152
1158 0,711767
1159 0,712382
1160 0,712996
1161 0,713611
1162 0,714226
1163 0,714840
1164 0,715455
1165 0,716070
1166 0,716684
1167 0,717299
1168 0,717914
1169 0,718528
1170 0,719143
1171 0,719758
1172 0,720372
1173 0,720987
1174 0,721602
1175 0,722216
1176 0,722831
1177 0,723446
1178 0,724060
1179 0,724675
1180 0,725289
1181 0,725904
1182 0,726519
1183 0,727133
1184 0,727748
1185 0,728363
1186 0,728977
1187 0,729592
1188 0,730207
1189 0,730821
1190 0,731436
1191 0,732051
1192 0,732665
1193 0,733280
1194 0,733895
1195 0,734509
1196 0,735124
1197 0,735739
1198 0,736353
1199 0,736968
1200 0,737583
1201 0,738197
1202 0,738812
1203 0,739426
1204 0,740041
1205 0,740656
1206 0,741270
1207 0,741885
1208 0,742500
1209 0,743114
1210 0,743729
1211 0,744344
1212 0,744958
1213 0,745573
1214 0,746188
1215 0,746802
1216 0,747417
1217 0,748032
1218 0,748646
1219 0,749261
1220 0,749876
1221 0,750490
1222 0,751105
1223 0,751720
1224 0,752334
1225 0,752949
1226 0,753563
1227 0,754178
1228 0,754793
1229 0,755407
1230 0,756022
1231 0,756637
1232 0,757251
1233 0,757866
1234 0,758481
1235 0,759095
1236 0,759710
1237 0,760325
1238 0,760939
1239 0,761554
1240 0,762169
1241 0,762783
1242 0,763398
1243 0,764013
1244 0,764627
1245 0,765242
1246 0,765857
1247 0,766471
1248 0,767086
1249 0,767700
1250 0,768315
1251 0,768930
1252 0,769544
1253 0,770159
1254 0,770774
1255 0,771388
1256 0,772003
1257 0,772618
1258 0,773232
1259 0,773847
1260 0,774462
1261 0,775076
1262 0,775691
1263 0,776306
1264 0,776920
1265 0,777535
1266 0,778150
1267 0,778764
1268 0,779379
1269 0,779994
1270 0,780608
1271 0,781223
1272 0,781837
1273 0,782452
1274 0,783067
1275 0,783681
1276 0,784296
1277 0,784911
1278 0,785525
1279 0,786140
1280 0,786755
1281 0,787369
1282 0,787984
1283 0,788599
1284 0,789213
1285 0,789828
1286 0,790443
1287 0,791057
1288 0,791672
1289 0,792287
1290 0,792901
1291 0,793516
1292 0,794130
1293 0,794745
1294 0,795360
1295 0,795974
1296 0,796589
1297 0,797204
1298 0,797818
1299 0,798433
1300 0,799048
1301 0,799662
1302 0,800277
1303 0,800892
1304 0,801506
1305 0,802121
1306 0,802736
1307 0,803350
1308 0,803965
1309 0,804580
1310 0,805194
1311 0,805809
1312 0,806424
1313 0,807038
1314 0,807653
1315 0,808267
1316 0,808882
1317 0,809497
1318 0,810111
1319 0,810726
1320 0,811341
1321 0,811955
1322 0,812570
1323 0,813185
1324 0,813799
1325 0,814414
1326 0,815029
1327 0,815643
1328 0,816258
1329 0,816873
1330 0,817487
1331 0,818102
1332 0,818717
1333 0,819331
1334 0,819946
1335 0,820561
1336 0,821175
1337 0,821790
1338 0,822404
1339 0,823019
1340 0,823634
1341 0,824248
1342 0,824863
1343 0,825478
1344 0,826092
1345 0,826707
1346 0,827322
1347 0,827936
1348 0,828551
1349 0,829166
1350 0,829780
1351 0,830395
1352 0,831010
1353 0,831624
1354 0,832239
1355 0,832854
1356 0,833468
1357 0,834083
1358 0,834698
1359 0,835312
1360 0,835927
1361 0,836541
1362 0,837156
1363 0,837771
1364 0,838385
1365 0,839000
1366 0,839615
1367 0,840229
1368 0,840844
1369 0,841459
1370 0,842073
1371 0,842688
1372 0,843303
1373 0,843917
1374 0,844532
1375 0,845147
1376 0,845761
1377 0,846376
1378 0,846991
1379 0,847605
1380 0,848220
1381 0,848835
1382 0,849449
1383 0,850064
1384 0,850678
1385 0,851293
1386 0,851908
1387 0,852522
1388 0,853137
1389 0,853752
1390 0,854366
1391 0,854981
1392 0,855596
1393 0,856210
1394 0,856825
1395 0,857440
1396 0,858054
1397 0,858669
1398 0,859284
1399 0,859898
1400 0,860513
1401 0,861128
1402 0,861742
1403 0,862357
1404 0,862972
1405 0,863586
1406 0,864201
1407 0,864815
1408 0,865430
1409 0,866045
1410 0,866659
1411 0,867274
1412 0,867889
1413 0,868503
1414 0,869118
1415 0,869733
1416 0,870347
1417 0,870962
1418 0,871577
1419 0,872191
1420 0,872806
1421 0,873421
1422 0,874035
1423 0,874650
1424 0,875265
1425 0,875879
1426 0,876494
1427 0,877109
1428 0,877723
1429 0,878338
1430 0,878952
1431 0,879567
1432 0,880182
1433 0,880796
1434 0,881411
1435 0,882026
1436 0,882640
1437 0,883255
1438 0,883870
1439 0,884484
1440 0,885099
1441 0,885714
1442 0,886328
1443 0,886943
1444 0,887558
1445 0,888172
1446 0,888787
1447 0,889402
1448 0,890016
1449 0,890631
1450 0,891246
1451 0,891860
1452 0,892475
1453 0,893089
1454 0,893704
1455 0,894319
1456 0,894933
1457 0,895548
1458 0,896163
1459 0,896777
1460 0,897392
1461 0,898007
1462 0,898621
1463 0,899236
1464 0,899851
1465 0,900465
1466 0,901080
1467 0,901695
1468 0,902309
1469 0,902924
1470 0,903539
1471 0,904153
1472 0,904768
1473 0,905383
1474 0,905997
1475 0,906612
1476 0,907226
1477 0,907841
1478 0,908456
1479 0,909070
1480 0,909685
1481 0,910300
1482 0,910914
1483 0,911529
1484 0,912144
1485 0,912758
1486 0,913373
1487 0,913988
1488 0,914602
1489 0,915217
1490 0,915832
1491 0,916446
1492 0,917061
1493 0,917676
1494 0,918290
1495 0,918905
1496 0,919520
1497 0,920134
1498 0,920749
1499 0,921363
1500 0,921978
1501 0,922593
1502 0,923207
1503 0,923822
1504 0,924437
1505 0,925051
1506 0,925666
1507 0,926281
1508 0,926895
1509 0,927510
1510 0,928125
1511 0,928739
1512 0,929354
1513 0,929969
1514 0,930583
1515 0,931198
1516 0,931813
1517 0,932427
1518 0,933042
1519 0,933657
1520 0,934271
1521 0,934886
1522 0,935500
1523 0,936115
1524 0,936730
1525 0,937344
1526 0,937959
1527 0,938574
1528 0,939188
1529 0,939803
1530 0,940418
1531 0,941032
1532 0,941647
1533 0,942262
1534 0,942876
1535 0,943491
1536 0,944106
1537 0,944720
1538 0,945335
1539 0,945950
1540 0,946564
1541 0,947179
1542 0,947794
1543 0,948408
1544 0,949023
1545 0,949637
1546 0,950252
1547 0,950867
1548 0,951481
1549 0,952096
1550 0,952711
1551 0,953325
1552 0,953940
1553 0,954555
1554 0,955169
1555 0,955784
1556 0,956399
1557 0,957013
1558 0,957628
1559 0,958243
1560 0,958857
1561 0,959472
1562 0,960087
1563 0,960701
1564 0,961316
1565 0,961931
1566 0,962545
1567 0,963160
1568 0,963774
1569 0,964389
1570 0,965004
1571 0,965618
1572 0,966233
1573 0,966848
1574 0,967462
1575 0,968077
1576 0,968692
1577 0,969306
1578 0,969921
1579 0,970536
1580 0,971150
1581 0,971765
1582 0,972380
1583 0,972994
1584 0,973609
1585 0,974224
1586 0,974838
1587 0,975453
1588 0,976068
1589 0,976682
1590 0,977297
1591 0,977911
1592 0,978526
1593 0,979141
1594 0,979755
1595 0,980370
1596 0,980985
1597 0,981599
1598 0,982214
1599 0,982829
1600 0,983443
1601 0,984058
1602 0,984673
1603 0,985287
1604 0,985902
1605 0,986517
1606 0,987131
1607 0,987746
1608 0,988361
1609 0,988975
1610 0,989590
1611 0,990205
1612 0,990819
1613 0,991434
1614 0,992048
1615 0,992663
1616 0,993278
1617 0,993892
1618 0,994507
1619 0,995122
1620 0,995736
1621 0,996351
1622 0,996966
1623 0,997580
1624 0,998195
1625 0,998810
1626 0,999424
1627 1,000039
1628 1,000654
1629 1,001268
1630 1,001883
1631 1,002498
1632 1,003112
1633 1,003727
1634 1,004342
1635 1,004956
1636 1,005571
1637 1,006185
1638 1,006800
1639 1,007415
1640 1,008029
1641 1,008644
1642 1,009259
1643 1,009873
1644 1,010488
1645 1,011103
1646 1,011717
1647 1,012332
1648 1,012947
1649 1,013561
1650 1,014176
1651 1,014791
1652 1,015405
1653 1,016020
1654 1,016635
1655 1,017249
1656 1,017864
1657 1,018479
1658 1,019093
1659 1,019708
1660 1,020322
1661 1,020937
1662 1,021552
1663 1,022166
1664 1,022781
1665 1,023396
1666 1,024010
1667 1,024625
1668 1,025240
1669 1,025854
1670 1,026469
1671 1,027084
1672 1,027698
1673 1,028313
1674 1,028928
1675 1,029542
1676 1,030157
1677 1,030772
1678 1,031386
1679 1,032001
1680 1,032616
1681 1,033230
1682 1,033845
1683 1,034459
1684 1,035074
1685 1,035689
1686 1,036303
1687 1,036918
1688 1,037533
1689 1,038147
1690 1,038762
1691 1,039377
1692 1,039991
1693 1,040606
1694 1,041221
1695 1,041835
1696 1,042450
1697 1,043065
1698 1,043679
1699 1,044294
1700 1,044909
1701 1,045523
1702 1,046138
1703 1,046753
1704 1,047367
1705 1,047982
1706 1,048596
1707 1,049211
1708 1,049826
1709 1,050440
1710 1,051055
1711 1,051670
1712 1,052284
1713 1,052899
1714 1,053514
1715 1,054128
1716 1,054743
1717 1,055358
1718 1,055972
1719 1,056587
1720 1,057202
1721 1,057816
1722 1,058431
1723 1,059046
1724 1,059660
1725 1,060275
1726 1,060890
1727 1,061504
1728 1,062119
1729 1,062733
1730 1,063348
1731 1,063963
1732 1,064577
1733 1,065192
1734 1,065807
1735 1,066421
1736 1,067036
1737 1,067651
1738 1,068265
1739 1,068880
1740 1,069495
1741 1,070109
1742 1,070724
1743 1,071339
1744 1,071953
1745 1,072568
1746 1,073183
1747 1,073797
1748 1,074412
1749 1,075027
1750 1,075641
1751 1,076256
1752 1,076870
1753 1,077485
1754 1,078100
1755 1,078714
1756 1,079329
1757 1,079944
1758 1,080558
1759 1,081173
1760 1,081788
1761 1,082402
1762 1,083017
1763 1,083632
1764 1,084246
1765 1,084861
1766 1,085476
1767 1,086090
1768 1,086705
1769 1,087320
1770 1,087934
1771 1,088549
1772 1,089164
1773 1,089778
1774 1,090393
1775 1,091007
1776 1,091622
1777 1,092237
1778 1,092851
1779 1,093466
1780 1,094081
1781 1,094695
1782 1,095310
1783 1,095925
1784 1,096539
1785 1,097154
1786 1,097769
1787 1,098383
1788 1,098998
1789 1,099613
1790 1,100227
1791 1,100842
1792 1,101457
1793 1,102071
1794 1,102686
1795 1,103300
1796 1,103915
1797 1,104530
1798 1,105144
1799 1,105759
1800 1,106374
1801 1,106988
1802 1,107603
1803 1,108218
1804 1,108832
1805 1,109447
1806 1,110062
1807 1,110676
1808 1,111291
1809 1,111906
1810 1,112520
1811 1,113135
1812 1,113750
1813 1,114364
1814 1,114979
1815 1,115594
1816 1,116208
1817 1,116823
1818 1,117437
1819 1,118052
1820 1,118667
1821 1,119281
1822 1,119896
1823 1,120511
1824 1,121125
1825 1,121740
1826 1,122355
1827 1,122969
1828 1,123584
1829 1,124199
1830 1,124813
1831 1,125428
1832 1,126043
1833 1,126657
1834 1,127272
1835 1,127887
1836 1,128501
1837 1,129116
1838 1,129731
1839 1,130345
1840 1,130960
1841 1,131574
1842 1,132189
1843 1,132804
1844 1,133418
1845 1,134033
1846 1,134648
1847 1,135262
1848 1,135877
1849 1,136492
1850 1,137106
1851 1,137721
1852 1,138336
1853 1,138950
1854 1,139565
1855 1,140180
1856 1,140794
1857 1,141409
1858 1,142024
1859 1,142638
1860 1,143253
1861 1,143868
1862 1,144482
1863 1,145097
1864 1,145711
1865 1,146326
1866 1,146941
1867 1,147555
1868 1,148170
1869 1,148785
1870 1,149399
1871 1,150014
1872 1,150629
1873 1,151243
1874 1,151858
1875 1,152473
1876 1,153087
1877 1,153702
1878 1,154317
1879 1,154931
1880 1,155546
1881 1,156161
1882 1,156775
1883 1,157390
1884 1,158005
1885 1,158619
1886 1,159234
1887 1,159848
1888 1,160463
1889 1,161078
1890 1,161692
1891 1,162307
1892 1,162922
1893 1,163536
1894 1,164151
1895 1,164766
1896 1,165380
1897 1,165995
1898 1,166610
1899 1,167224
1900 1,167839
1901 1,168454
1902 1,169068
1903 1,169683
1904 1,170298
1905 1,170912
1906 1,171527
1907 1,172142
1908 1,172756
1909 1,173371
1910 1,173985
1911 1,174600
1912 1,175215
1913 1,175829
1914 1,176444
1915 1,177059
1916 1,177673
1917 1,178288
1918 1,178903
1919 1,179517
1920 1,180132
1921 1,180747
1922 1,181361
1923 1,181976
1924 1,182591
1925 1,183205
1926 1,183820
1927 1,184435
1928 1,185049
1929 1,185664
1930 1,186279
1931 1,186893
1932 1,187508
1933 1,188122
1934 1,188737
1935 1,189352
1936 1,189966
1937 1,190581
1938 1,191196
1939 1,191810
1940 1,192425
1941 1,193040
1942 1,193654
1943 1,194269
1944 1,194884
1945 1,195498
1946 1,196113
1947 1,196728
1948 1,197342
1949 1,197957
1950 1,198572
1951 1,199186
1952 1,199801
1953 1,200416
1954 1,201030
1955 1,201645
1956 1,202259
1957 1,202874
1958 1,203489
1959 1,204103
1960 1,204718
1961 1,205333
1962 1,205947
1963 1,206562
1964 1,207177
1965 1,207791
1966 1,208406
1967 1,209021
1968 1,209635
1969 1,210250
1970 1,210865
1971 1,211479
1972 1,212094
1973 1,212709
1974 1,213323
1975 1,213938
1976 1,214553
1977 1,215167
1978 1,215782
1979 1,216396
1980 1,217011
1981 1,217626
1982 1,218240
1983 1,218855
1984 1,219470
1985 1,220084
1986 1,220699
1987 1,221314
1988 1,221928
1989 1,222543
1990 1,223158
1991 1,223772
1992 1,224387
1993 1,225002
1994 1,225616
1995 1,226231
1996 1,226846
1997 1,227460
1998 1,228075
1999 1,228690
2000 1,229304
2001 1,229919
2002 1,230533
2003 1,231148
2004 1,231763
2005 1,232377
2006 1,232992
2007 1,233607
2008 1,234221
2009 1,234836
2010 1,235451
2011 1,236065
2012 1,236680
2013 1,237295
2014 1,237909
2015 1,238524
2016 1,239139
2017 1,239753
2018 1,240368
2019 1,240983
2020 1,241597
2021 1,242212
2022 1,242827
2023 1,243441
2024 1,244056
2025 1,244670
2026 1,245285
2027 1,245900
2028 1,246514
2029 1,247129
2030 1,247744
2031 1,248358
2032 1,248973
2033 1,249588
2034 1,250202
2035 1,250817
2036 1,251432
2037 1,252046
2038 1,252661
2039 1,253276
2040 1,253890
2041 1,254505
2042 1,255120
2043 1,255734
2044 1,256349
2045 1,256964
2046 1,257578
2047 1,258193
2048 1,258807
2049 1,259422
2050 1,260037
2051 1,260651
2052 1,261266
2053 1,261881
2054 1,262495
2055 1,263110
2056 1,263725
2057 1,264339
2058 1,264954
2059 1,265569
2060 1,266183
2061 1,266798
2062 1,267413
2063 1,268027
2064 1,268642
2065 1,269257
2066 1,269871
2067 1,270486
2068 1,271101
2069 1,271715
2070 1,272330
2071 1,272944
2072 1,273559
2073 1,274174
2074 1,274788
2075 1,275403
2076 1,276018
2077 1,276632
2078 1,277247
2079 1,277862
2080 1,278476
2081 1,279091
2082 1,279706
2083 1,280320
2084 1,280935
2085 1,281550
2086 1,282164
2087 1,282779
2088 1,283394
2089 1,284008
2090 1,284623
2091 1,285238
2092 1,285852
2093 1,286467
2094 1,287081
2095 1,287696
2096 1,288311
2097 1,288925
2098 1,289540
2099 1,290155
2100 1,290769
2101 1,291384
2102 1,291999
2103 1,292613
2104 1,293228
2105 1,293843
2106 1,294457
2107 1,295072
2108 1,295687
2109 1,296301
2110 1,296916
2111 1,297531
2112 1,298145
2113 1,298760
2114 1,299375
2115 1,299989
2116 1,300604
2117 1,301218
2118 1,301833
2119 1,302448
2120 1,303062
2121 1,303677
2122 1,304292
2123 1,304906
2124 1,305521
2125 1,306136
2126 1,306750
2127 1,307365
2128 1,307980
2129 1,308594
2130 1,309209
2131 1,309824
2132 1,310438
2133 1,311053
2134 1,311668
2135 1,312282
2136 1,312897
2137 1,313512
2138 1,314126
2139 1,314741
2140 1,315355
2141 1,315970
2142 1,316585
2143 1,317199
2144 1,317814
2145 1,318429
2146 1,319043
2147 1,319658
2148 1,320273
2149 1,320887
2150 1,321502
2151 1,322117
2152 1,322731
2153 1,323346
2154 1,323961
2155 1,324575
2156 1,325190
2157 1,325805
2158 1,326419
2159 1,327034
2160 1,327649
2161 1,328263
2162 1,328878
2163 1,329492
2164 1,330107
2165 1,330722
2166 1,331336
2167 1,331951
2168 1,332566
2169 1,333180
2170 1,333795
2171 1,334410
2172 1,335024
2173 1,335639
2174 1,336254
2175 1,336868
2176 1,337483
2177 1,338098
2178 1,338712
2179 1,339327
2180 1,339942
2181 1,340556
2182 1,341171
2183 1,341786
2184 1,342400
2185 1,343015
2186 1,343629
2187 1,344244
2188 1,344859
2189 1,345473
2190 1,346088
2191 1,346703
2192 1,347317
2193 1,347932
2194 1,348547
2195 1,349161
2196 1,349776
2197 1,350391
2198 1,351005
2199 1,351620
2200 1,352235
2201 1,352849
2202 1,353464
2203 1,354079
2204 1,354693
2205 1,355308
2206 1,355923
2207 1,356537
2208 1,357152
2209 1,357766
2210 1,358381
2211 1,358996
2212 1,359610
2213 1,360225
2214 1,360840
2215 1,361454
2216 1,362069
2217 1,362684
2218 1,363298
2219 1,363913
2220 1,364528
2221 1,365142
2222 1,365757
2223 1,366372
2224 1,366986
2225 1,367601
2226 1,368216
2227 1,368830
2228 1,369445
2229 1,370060
2230 1,370674
2231 1,371289
2232 1,371903
2233 1,372518
2234 1,373133
2235 1,373747
2236 1,374362
2237 1,374977
2238 1,375591
2239 1,376206
2240 1,376821
2241 1,377435
2242 1,378050
2243 1,378665
2244 1,379279
2245 1,379894
2246 1,380509
2247 1,381123
2248 1,381738
2249 1,382353
2250 1,382967
2251 1,383582
2252 1,384197
2253 1,384811
2254 1,385426
2255 1,386040
2256 1,386655
2257 1,387270
2258 1,387884
2259 1,388499
2260 1,389114
2261 1,389728
2262 1,390343
2263 1,390958
2264 1,391572
2265 1,392187
2266 1,392802
2267 1,393416
2268 1,394031
2269 1,394646
2270 1,395260
2271 1,395875
2272 1,396490
2273 1,397104
2274 1,397719
2275 1,398334
2276 1,398948
2277 1,399563
2278 1,400177
2279 1,400792
2280 1,401407
2281 1,402021
2282 1,402636
2283 1,403251
2284 1,403865
2285 1,404480
2286 1,405095
2287 1,405709
2288 1,406324
2289 1,406939
2290 1,407553
2291 1,408168
2292 1,408783
2293 1,409397
2294 1,410012
2295 1,410627
2296 1,411241
2297 1,411856
2298 1,412471
2299 1,413085
2300 1,413700
2301 1,414314
2302 1,414929
2303 1,415544
2304 1,416158
2305 1,416773
2306 1,417388
2307 1,418002
2308 1,418617
2309 1,419232
2310 1,419846
2311 1,420461
2312 1,421076
2313 1,421690
2314 1,422305
2315 1,422920
2316 1,423534
2317 1,424149
2318 1,424764
2319 1,425378
2320 1,425993
2321 1,426607
2322 1,427222
2323 1,427837
2324 1,428451
2325 1,429066
2326 1,429681
2327 1,430295
2328 1,430910
2329 1,431525
2330 1,432139
2331 1,432754
2332 1,433369
2333 1,433983
2334 1,434598
2335 1,435213
2336 1,435827
2337 1,436442
2338 1,437057
2339 1,437671
2340 1,438286
2341 1,438901
2342 1,439515
2343 1,440130
2344 1,440744
2345 1,441359
2346 1,441974
2347 1,442588
2348 1,443203
2349 1,443818
2350 1,444432
2351 1,445047
2352 1,445662
2353 1,446276
2354 1,446891
2355 1,447506
2356 1,448120
2357 1,448735
2358 1,449350
2359 1,449964
2360 1,450579
2361 1,451194
2362 1,451808
2363 1,452423
2364 1,453038
2365 1,453652
2366 1,454267
2367 1,454881
2368 1,455496
2369 1,456111
2370 1,456725
2371 1,457340
2372 1,457955
2373 1,458569
2374 1,459184
2375 1,459799
2376 1,460413
2377 1,461028
2378 1,461643
2379 1,462257
2380 1,462872
2381 1,463487
2382 1,464101
2383 1,464716
2384 1,465331
2385 1,465945
2386 1,466560
2387 1,467175
2388 1,467789
2389 1,468404
2390 1,469018
2391 1,469633
2392 1,470248
2393 1,470862
2394 1,471477
2395 1,472092
2396 1,472706
2397 1,473321
2398 1,473936
2399 1,474550
2400 1,475165
2401 1,475780
2402 1,476394
2403 1,477009
2404 1,477624
2405 1,478238
2406 1,478853
2407 1,479468
2408 1,480082
2409 1,480697
2410 1,481312
2411 1,481926
2412 1,482541
2413 1,483155
2414 1,483770
2415 1,484385
2416 1,484999
2417 1,485614
2418 1,486229
2419 1,486843
2420 1,487458
2421 1,488073
2422 1,488687
2423 1,489302
2424 1,489917
2425 1,490531
2426 1,491146
2427 1,491761
2428 1,492375
2429 1,492990
2430 1,493605
2431 1,494219
2432 1,494834
2433 1,495449
2434 1,496063
2435 1,496678
2436 1,497292
2437 1,497907
2438 1,498522
2439 1,499136
2440 1,499751
2441 1,500366
2442 1,500980
2443 1,501595
2444 1,502210
2445 1,502824
2446 1,503439
2447 1,504054
2448 1,504668
2449 1,505283
2450 1,505898
2451 1,506512
2452 1,507127
2453 1,507742
2454 1,508356
2455 1,508971
2456 1,509586
2457 1,510200
2458 1,510815
2459 1,511429
2460 1,512044
2461 1,512659
2462 1,513273
2463 1,513888
2464 1,514503
2465 1,515117
2466 1,515732
2467 1,516347
2468 1,516961
2469 1,517576
2470 1,518191
2471 1,518805
2472 1,519420
2473 1,520035
2474 1,520649
2475 1,521264
2476 1,521879
2477 1,522493
2478 1,523108
2479 1,523723
2480 1,524337
2481 1,524952
2482 1,525566
2483 1,526181
2484 1,526796
2485 1,527410
2486 1,528025
2487 1,528640
2488 1,529254
2489 1,529869
2490 1,530484
2491 1,531098
2492 1,531713
2493 1,532328
2494 1,532942
2495 1,533557
2496 1,534172
2497 1,534786
2498 1,535401
2499 1,536016
2500 1,536630
2501 1,537245
2502 1,537860
2503 1,538474
2504 1,539089
2505 1,539703
2506 1,540318
2507 1,540933
2508 1,541547
2509 1,542162
2510 1,542777
2511 1,543391
2512 1,544006
2513 1,544621
2514 1,545235
2515 1,545850
2516 1,546465
2517 1,547079
2518 1,547694
2519 1,548309
2520 1,548923
2521 1,549538
2522 1,550153
2523 1,550767
2524 1,551382
2525 1,551997
2526 1,552611
2527 1,553226
2528 1,553840
2529 1,554455
2530 1,555070
2531 1,555684
2532 1,556299
2533 1,556914
2534 1,557528
2535 1,558143
2536 1,558758
2537 1,559372
2538 1,559987
2539 1,560602
2540 1,561216
2541 1,561831
2542 1,562446
2543 1,563060
2544 1,563675
2545 1,564290
2546 1,564904
2547 1,565519
2548 1,566134
2549 1,566748
2550 1,567363
2551 1,567977
2552 1,568592
2553 1,569207
2554 1,569821
2555 1,570436
2556 1,571051
2557 1,571665
2558 1,572280
2559 1,572895
2560 1,573509
2561 1,574124
2562 1,574739
2563 1,575353
2564 1,575968
2565 1,576583
2566 1,577197
2567 1,577812
2568 1,578427
2569 1,579041
2570 1,579656
2571 1,580271
2572 1,580885
2573 1,581500
2574 1,582114
2575 1,582729
2576 1,583344
2577 1,583958
2578 1,584573
2579 1,585188
2580 1,585802
2581 1,586417
2582 1,587032
2583 1,587646
2584 1,588261
2585 1,588876
2586 1,589490
2587 1,590105
2588 1,590720
2589 1,591334
2590 1,591949
2591 1,592564
2592 1,593178
2593 1,593793
2594 1,594408
2595 1,595022
2596 1,595637
2597 1,596251
2598 1,596866
2599 1,597481
2600 1,598095
2601 1,598710
2602 1,599325
2603 1,599939
2604 1,600554
2605 1,601169
2606 1,601783
2607 1,602398
2608 1,603013
2609 1,603627
2610 1,604242
2611 1,604857
2612 1,605471
2613 1,606086
2614 1,606701
2615 1,607315
2616 1,607930
2617 1,608545
2618 1,609159
2619 1,609774
2620 1,610388
2621 1,611003
2622 1,611618
2623 1,612232
2624 1,612847
2625 1,613462
2626 1,614076
2627 1,614691
2628 1,615306
2629 1,615920
2630 1,616535
2631 1,617150
2632 1,617764
2633 1,618379
2634 1,618994
2635 1,619608
2636 1,620223
2637 1,620838
2638 1,621452
2639 1,622067
2640 1,622682
2641 1,623296
2642 1,623911
2643 1,624525
2644 1,625140
2645 1,625755
2646 1,626369
2647 1,626984
2648 1,627599
2649 1,628213
2650 1,628828
2651 1,629443
2652 1,630057
2653 1,630672
2654 1,631287
2655 1,631901
2656 1,632516
2657 1,633131
2658 1,633745
2659 1,634360
2660 1,634975
2661 1,635589
2662 1,636204
2663 1,636819
2664 1,637433
2665 1,638048
2666 1,638662
2667 1,639277
2668 1,639892
2669 1,640506
2670 1,641121
2671 1,641736
2672 1,642350
2673 1,642965
2674 1,643580
2675 1,644194
2676 1,644809
2677 1,645424
2678 1,646038
2679 1,646653
2680 1,647268
2681 1,647882
2682 1,648497
2683 1,649112
2684 1,649726
2685 1,650341
2686 1,650956
2687 1,651570
2688 1,652185
2689 1,652799
2690 1,653414
2691 1,654029
2692 1,654643
2693 1,655258
2694 1,655873
2695 1,656487
2696 1,657102
2697 1,657717
2698 1,658331
2699 1,658946
2700 1,659561
2701 1,660175
2702 1,660790
2703 1,661405
2704 1,662019
2705 1,662634
2706 1,663249
2707 1,663863
2708 1,664478
2709 1,665093
2710 1,665707
2711 1,666322
2712 1,666936
2713 1,667551
2714 1,668166
2715 1,668780
2716 1,669395
2717 1,670010
2718 1,670624
2719 1,671239
2720 1,671854
2721 1,672468
2722 1,673083
2723 1,673698
2724 1,674312
2725 1,674927
2726 1,675542
2727 1,676156
2728 1,676771
2729 1,677386
2730 1,678000
2731 1,678615
2732 1,679230
2733 1,679844
2734 1,680459
2735 1,681073
2736 1,681688
2737 1,682303
2738 1,682917
2739 1,683532
2740 1,684147
2741 1,684761
2742 1,685376
2743 1,685991
2744 1,686605
2745 1,687220
2746 1,687835
2747 1,688449
2748 1,689064
2749 1,689679
2750 1,690293
2751 1,690908
2752 1,691523
2753 1,692137
2754 1,692752
2755 1,693367
2756 1,693981
2757 1,694596
2758 1,695210
2759 1,695825
2760 1,696440
2761 1,697054
2762 1,697669
2763 1,698284
2764 1,698898
2765 1,699513
2766 1,700128
2767 1,700742
2768 1,701357
2769 1,701972
2770 1,702586
2771 1,703201
2772 1,703816
2773 1,704430
2774 1,705045
2775 1,705660
2776 1,706274
2777 1,706889
2778 1,707504
2779 1,708118
2780 1,708733
2781 1,709347
2782 1,709962
2783 1,710577
2784 1,711191
2785 1,711806
2786 1,712421
2787 1,713035
2788 1,713650
2789 1,714265
2790 1,714879
2791 1,715494
2792 1,716109
2793 1,716723
2794 1,717338
2795 1,717953
2796 1,718567
2797 1,719182
2798 1,719797
2799 1,720411
2800 1,721026
2801 1,721641
2802 1,722255
2803 1,722870
2804 1,723484
2805 1,724099
2806 1,724714
2807 1,725328
2808 1,725943
2809 1,726558
2810 1,727172
2811 1,727787
2812 1,728402
2813 1,729016
2814 1,729631
2815 1,730246
2816 1,730860
2817 1,731475
2818 1,732090
2819 1,732704
2820 1,733319
2821 1,733934
2822 1,734548
2823 1,735163
2824 1,735777
2825 1,736392
2826 1,737007
2827 1,737621
2828 1,738236
2829 1,738851
2830 1,739465
2831 1,740080
2832 1,740695
2833 1,741309
2834 1,741924
2835 1,742539
2836 1,743153
2837 1,743768
2838 1,744383
2839 1,744997
2840 1,745612
2841 1,746227
2842 1,746841
2843 1,747456
2844 1,748071
2845 1,748685
2846 1,749300
2847 1,749914
2848 1,750529
2849 1,751144
2850 1,751758
2851 1,752373
2852 1,752988
2853 1,753602
2854 1,754217
2855 1,754832
2856 1,755446
2857 1,756061
2858 1,756676
2859 1,757290
2860 1,757905
2861 1,758520
2862 1,759134
2863 1,759749
2864 1,760364
2865 1,760978
2866 1,761593
2867 1,762208
2868 1,762822
2869 1,763437
2870 1,764051
2871 1,764666
2872 1,765281
2873 1,765895
2874 1,766510
2875 1,767125
2876 1,767739
2877 1,768354
2878 1,768969
2879 1,769583
2880 1,770198
2881 1,770813
2882 1,771427
2883 1,772042
2884 1,772657
2885 1,773271
2886 1,773886
2887 1,774501
2888 1,775115
2889 1,775730
2890 1,776345
2891 1,776959
2892 1,777574
2893 1,778188
2894 1,778803
2895 1,779418
2896 1,780032
2897 1,780647
2898 1,781262
2899 1,781876
2900 1,782491
2901 1,783106
2902 1,783720
2903 1,784335
2904 1,784950
2905 1,785564
2906 1,786179
2907 1,786794
2908 1,787408
2909 1,788023
2910 1,788638
2911 1,789252
2912 1,789867
2913 1,790482
2914 1,791096
2915 1,791711
2916 1,792325
2917 1,792940
2918 1,793555
2919 1,794169
2920 1,794784
2921 1,795399
2922 1,796013
2923 1,796628
2924 1,797243
2925 1,797857
2926 1,798472
2927 1,799087
2928 1,799701
2929 1,800316
2930 1,800931
2931 1,801545
2932 1,802160
2933 1,802775
2934 1,803389
2935 1,804004
2936 1,804619
2937 1,805233
2938 1,805848
2939 1,806462
2940 1,807077
2941 1,807692
2942 1,808306
2943 1,808921
2944 1,809536
2945 1,810150
2946 1,810765
2947 1,811380
2948 1,811994
2949 1,812609
2950 1,813224
2951 1,813838
2952 1,814453
2953 1,815068
2954 1,815682
2955 1,816297
2956 1,816912
2957 1,817526
2958 1,818141
2959 1,818756
2960 1,819370
2961 1,819985
2962 1,820599
2963 1,821214
2964 1,821829
2965 1,822443
2966 1,823058
2967 1,823673
2968 1,824287
2969 1,824902
2970 1,825517
2971 1,826131
2972 1,826746
2973 1,827361
2974 1,827975
2975 1,828590
2976 1,829205
2977 1,829819
2978 1,830434
2979 1,831049
2980 1,831663
2981 1,832278
2982 1,832893
2983 1,833507
2984 1,834122
2985 1,834736
2986 1,835351
2987 1,835966
2988 1,836580
2989 1,837195
2990 1,837810
2991 1,838424
2992 1,839039
2993 1,839654
2994 1,840268
2995 1,840883
2996 1,841498
2997 1,842112
2998 1,842727
2999 1,843342
3000 1,843956
3001 1,844571
3002 1,845186
3003 1,845800
3004 1,846415
3005 1,847030
3006 1,847644
3007 1,848259
3008 1,848873
3009 1,849488
3010 1,850103
3011 1,850717
3012 1,851332
3013 1,851947
3014 1,852561
3015 1,853176
3016 1,853791
3017 1,854405
3018 1,855020
3019 1,855635
3020 1,856249
3021 1,856864
3022 1,857479
3023 1,858093
3024 1,858708
3025 1,859323
3026 1,859937
3027 1,860552
3028 1,861167
3029 1,861781
3030 1,862396
3031 1,863010
3032 1,863625
3033 1,864240
3034 1,864854
3035 1,865469
3036 1,866084
3037 1,866698
3038 1,867313
3039 1,867928
3040 1,868542
3041 1,869157
3042 1,869772
3043 1,870386
3044 1,871001
3045 1,871616
3046 1,872230
3047 1,872845
3048 1,873460
3049 1,874074
3050 1,874689
3051 1,875304
3052 1,875918
3053 1,876533
3054 1,877147
3055 1,877762
3056 1,878377
3057 1,878991
3058 1,879606
3059 1,880221
3060 1,880835
3061 1,881450
3062 1,882065
3063 1,882679
3064 1,883294
3065 1,883909
3066 1,884523
3067 1,885138
3068 1,885753
3069 1,886367
3070 1,886982
3071 1,887597
3072 1,888211
3073 1,888826
3074 1,889441
3075 1,890055
3076 1,890670
3077 1,891284
3078 1,891899
3079 1,892514
3080 1,893128
3081 1,893743
3082 1,894358
3083 1,894972
3084 1,895587
3085 1,896202
3086 1,896816
3087 1,897431
3088 1,898046
3089 1,898660
3090 1,899275
3091 1,899890
3092 1,900504
3093 1,901119
3094 1,901734
3095 1,902348
3096 1,902963
3097 1,903578
3098 1,904192
3099 1,904807
3100 1,905421
3101 1,906036
3102 1,906651
3103 1,907265
3104 1,907880
3105 1,908495
3106 1,909109
3107 1,909724
3108 1,910339
3109 1,910953
3110 1,911568
3111 1,912183
3112 1,912797
3113 1,913412
3114 1,914027
3115 1,914641
3116 1,915256
3117 1,915871
3118 1,916485
3119 1,917100
3120 1,917715
3121 1,918329
3122 1,918944
3123 1,919558
3124 1,920173
3125 1,920788
3126 1,921402
3127 1,922017
3128 1,922632
3129 1,923246
3130 1,923861
3131 1,924476
3132 1,925090
3133 1,925705
3134 1,926320
3135 1,926934
3136 1,927549
3137 1,928164
3138 1,928778
3139 1,929393
3140 1,930008
3141 1,930622
3142 1,931237
3143 1,931852
3144 1,932466
3145 1,933081
3146 1,933695
3147 1,934310
3148 1,934925
3149 1,935539
3150 1,936154
3151 1,936769
3152 1,937383
3153 1,937998
3154 1,938613
3155 1,939227
3156 1,939842
3157 1,940457
3158 1,941071
3159 1,941686
3160 1,942301
3161 1,942915
3162 1,943530
3163 1,944145
3164 1,944759
3165 1,945374
3166 1,945989
3167 1,946603
3168 1,947218
3169 1,947832
3170 1,948447
3171 1,949062
3172 1,949676
3173 1,950291
3174 1,950906
3175 1,951520
3176 1,952135
3177 1,952750
3178 1,953364
3179 1,953979
3180 1,954594
3181 1,955208
3182 1,955823
3183 1,956438
3184 1,957052
3185 1,957667
3186 1,958282
3187 1,958896
3188 1,959511
3189 1,960126
3190 1,960740
3191 1,961355
3192 1,961969
3193 1,962584
3194 1,963199
3195 1,963813
3196 1,964428
3197 1,965043
3198 1,965657
3199 1,966272
3200 1,966887
3201 1,967501
3202 1,968116
3203 1,968731
3204 1,969345
3205 1,969960
3206 1,970575
3207 1,971189
3208 1,971804
3209 1,972419
3210 1,973033
3211 1,973648
3212 1,974263
3213 1,974877
3214 1,975492
3215 1,976106
3216 1,976721
3217 1,977336
3218 1,977950
3219 1,978565
3220 1,979180
3221 1,979794
3222 1,980409
3223 1,981024
3224 1,981638
3225 1,982253
3226 1,982868
3227 1,983482
3228 1,984097
3229 1,984712
3230 1,985326
3231 1,985941
3232 1,986556
3233 1,987170
3234 1,987785
3235 1,988400
3236 1,989014
3237 1,989629
3238 1,990243
3239 1,990858
3240 1,991473
3241 1,992087
3242 1,992702
3243 1,993317
3244 1,993931
3245 1,994546
3246 1,995161
3247 1,995775
3248 1,996390
3249 1,997005
3250 1,997619
3251 1,998234
3252 1,998849
3253 1,999463
3254 2,000078
3255 2,000693
3256 2,001307
3257 2,001922
3258 2,002537
3259 2,003151
3260 2,003766
3261 2,004380
3262 2,004995
3263 2,005610
3264 2,006224
3265 2,006839
3266 2,007454
3267 2,008068
3268 2,008683
3269 2,009298
3270 2,009912
3271 2,010527
3272 2,011142
3273 2,011756
3274 2,012371
3275 2,012986
3276 2,013600
3277 2,014215
3278 2,014830
3279 2,015444
3280 2,016059
3281 2,016674
3282 2,017288
3283 2,017903
3284 2,018517
3285 2,019132
3286 2,019747
3287 2,020361
3288 2,020976
3289 2,021591
3290 2,022205
3291 2,022820
3292 2,023435
3293 2,024049
3294 2,024664
3295 2,025279
3296 2,025893
3297 2,026508
3298 2,027123
3299 2,027737
3300 2,028352
3301 2,028967
3302 2,029581
3303 2,030196
3304 2,030811
3305 2,031425
3306 2,032040
3307 2,032654
3308 2,033269
3309 2,033884
3310 2,034498
3311 2,035113
3312 2,035728
3313 2,036342
3314 2,036957
3315 2,037572
3316 2,038186
3317 2,038801
3318 2,039416
3319 2,040030
3320 2,040645
3321 2,041260
3322 2,041874
3323 2,042489
3324 2,043104
3325 2,043718
3326 2,044333
3327 2,044948
3328 2,045562
3329 2,046177
3330 2,046791
3331 2,047406
3332 2,048021
3333 2,048635
3334 2,049250
3335 2,049865
3336 2,050479
3337 2,051094
3338 2,051709
3339 2,052323
3340 2,052938
3341 2,053553
3342 2,054167
3343 2,054782
3344 2,055397
3345 2,056011
3346 2,056626
3347 2,057241
3348 2,057855
3349 2,058470
3350 2,059084
3351 2,059699
3352 2,060314
3353 2,060928
3354 2,061543
3355 2,062158
3356 2,062772
3357 2,063387
3358 2,064002
3359 2,064616
3360 2,065231
3361 2,065846
3362 2,066460
3363 2,067075
3364 2,067690
3365 2,068304
3366 2,068919
3367 2,069534
3368 2,070148
3369 2,070763
3370 2,071378
3371 2,071992
3372 2,072607
3373 2,073221
3374 2,073836
3375 2,074451
3376 2,075065
3377 2,075680
3378 2,076295
3379 2,076909
3380 2,077524
3381 2,078139
3382 2,078753
3383 2,079368
3384 2,079983
3385 2,080597
3386 2,081212
3387 2,081827
3388 2,082441
3389 2,083056
3390 2,083671
3391 2,084285
3392 2,084900
3393 2,085515
3394 2,086129
3395 2,086744
3396 2,087358
3397 2,087973
3398 2,088588
3399 2,089202
3400 2,089817
3401 2,090432
3402 2,091046
3403 2,091661
3404 2,092276
3405 2,092890
3406 2,093505
3407 2,094120
3408 2,094734
3409 2,095349
3410 2,095964
3411 2,096578
3412 2,097193
3413 2,097808
3414 2,098422
3415 2,099037
3416 2,099652
3417 2,100266
3418 2,100881
3419 2,101495
3420 2,102110
3421 2,102725
3422 2,103339
3423 2,103954
3424 2,104569
3425 2,105183
3426 2,105798
3427 2,106413
3428 2,107027
3429 2,107642
3430 2,108257
3431 2,108871
3432 2,109486
3433 2,110101
3434 2,110715
3435 2,111330
3436 2,111945
3437 2,112559
3438 2,113174
3439 2,113789
3440 2,114403
3441 2,115018
3442 2,115632
3443 2,116247
3444 2,116862
3445 2,117476
3446 2,118091
3447 2,118706
3448 2,119320
3449 2,119935
3450 2,120550
3451 2,121164
3452 2,121779
3453 2,122394
3454 2,123008
3455 2,123623
3456 2,124238
3457 2,124852
3458 2,125467
3459 2,126082
3460 2,126696
3461 2,127311
3462 2,127926
3463 2,128540
3464 2,129155
3465 2,129769
3466 2,130384
3467 2,130999
3468 2,131613
3469 2,132228
3470 2,132843
3471 2,133457
3472 2,134072
3473 2,134687
3474 2,135301
3475 2,135916
3476 2,136531
3477 2,137145
3478 2,137760
3479 2,138375
3480 2,138989
3481 2,139604
3482 2,140219
3483 2,140833
3484 2,141448
3485 2,142063
3486 2,142677
3487 2,143292
3488 2,143906
3489 2,144521
3490 2,145136
3491 2,145750
3492 2,146365
3493 2,146980
3494 2,147594
3495 2,148209
3496 2,148824
3497 2,149438
3498 2,150053
3499 2,150668
3500 2,151282
3501 2,151897
3502 2,152512
3503 2,153126
3504 2,153741
3505 2,154356
3506 2,154970
3507 2,155585
3508 2,156200
3509 2,156814
3510 2,157429
3511 2,158043
3512 2,158658
3513 2,159273
3514 2,159887
3515 2,160502
3516 2,161117
3517 2,161731
3518 2,162346
3519 2,162961
3520 2,163575
3521 2,164190
3522 2,164805
3523 2,165419
3524 2,166034
3525 2,166649
3526 2,167263
3527 2,167878
3528 2,168493
3529 2,169107
3530 2,169722
3531 2,170337
3532 2,170951
3533 2,171566
3534 2,172180
3535 2,172795
3536 2,173410
3537 2,174024
3538 2,174639
3539 2,175254
3540 2,175868
3541 2,176483
3542 2,177098
3543 2,177712
3544 2,178327
3545 2,178942
3546 2,179556
3547 2,180171
3548 2,180786
3549 2,181400
3550 2,182015
3551 2,182630
3552 2,183244
3553 2,183859
3554 2,184474
3555 2,185088
3556 2,185703
3557 2,186317
3558 2,186932
3559 2,187547
3560 2,188161
3561 2,188776
3562 2,189391
3563 2,190005
3564 2,190620
3565 2,191235
3566 2,191849
3567 2,192464
3568 2,193079
3569 2,193693
3570 2,194308
3571 2,194923
3572 2,195537
3573 2,196152
3574 2,196767
3575 2,197381
3576 2,197996
3577 2,198611
3578 2,199225
3579 2,199840
3580 2,200454
3581 2,201069
3582 2,201684
3583 2,202298
3584 2,202913
3585 2,203528
3586 2,204142
3587 2,204757
3588 2,205372
3589 2,205986
3590 2,206601
3591 2,207216
3592 2,207830
3593 2,208445
3594 2,209060
3595 2,209674
3596 2,210289
3597 2,210904
3598 2,211518
3599 2,212133
3600 2,212748
3601 2,213362
3602 2,213977
3603 2,214591
3604 2,215206
3605 2,215821
3606 2,216435
3607 2,217050
3608 2,217665
3609 2,218279
3610 2,218894
3611 2,219509
3612 2,220123
3613 2,220738
3614 2,221353
3615 2,221967
3616 2,222582
3617 2,223197
3618 2,223811
3619 2,224426
3620 2,225041
3621 2,225655
3622 2,226270
3623 2,226885
3624 2,227499
3625 2,228114
3626 2,228728
3627 2,229343
3628 2,229958
3629 2,230572
3630 2,231187
3631 2,231802
3632 2,232416
3633 2,233031
3634 2,233646
3635 2,234260
3636 2,234875
3637 2,235490
3638 2,236104
3639 2,236719
3640 2,237334
3641 2,237948
3642 2,238563
3643 2,239178
3644 2,239792
3645 2,240407
3646 2,241022
3647 2,241636
3648 2,242251
3649 2,242865
3650 2,243480
3651 2,244095
3652 2,244709
3653 2,245324
3654 2,245939
3655 2,246553
3656 2,247168
3657 2,247783
3658 2,248397
3659 2,249012
3660 2,249627
3661 2,250241
3662 2,250856
3663 2,251471
3664 2,252085
3665 2,252700
3666 2,253315
3667 2,253929
3668 2,254544
3669 2,255159
3670 2,255773
3671 2,256388
3672 2,257002
3673 2,257617
3674 2,258232
3675 2,258846
3676 2,259461
3677 2,260076
3678 2,260690
3679 2,261305
3680 2,261920
3681 2,262534
3682 2,263149
3683 2,263764
3684 2,264378
3685 2,264993
3686 2,265608
3687 2,266222
3688 2,266837
3689 2,267452
3690 2,268066
3691 2,268681
3692 2,269296
3693 2,269910
3694 2,270525
3695 2,271139
3696 2,271754
3697 2,272369
3698 2,272983
3699 2,273598
3700 2,274213
3701 2,274827
3702 2,275442
3703 2,276057
3704 2,276671
3705 2,277286
3706 2,277901
3707 2,278515
3708 2,279130
3709 2,279745
3710 2,280359
3711 2,280974
3712 2,281589
3713 2,282203
3714 2,282818
3715 2,283433
3716 2,284047
3717 2,284662
3718 2,285276
3719 2,285891
3720 2,286506
3721 2,287120
3722 2,287735
3723 2,288350
3724 2,288964
3725 2,289579
3726 2,290194
3727 2,290808
3728 2,291423
3729 2,292038
3730 2,292652
3731 2,293267
3732 2,293882
3733 2,294496
3734 2,295111
3735 2,295726
3736 2,296340
3737 2,296955
3738 2,297570
3739 2,298184
3740 2,298799
3741 2,299413
3742 2,300028
3743 2,300643
3744 2,301257
3745 2,301872
3746 2,302487
3747 2,303101
3748 2,303716
3749 2,304331
3750 2,304945
3751 2,305560
3752 2,306175
3753 2,306789
3754 2,307404
3755 2,308019
3756 2,308633
3757 2,309248
3758 2,309863
3759 2,310477
3760 2,311092
3761 2,311707
3762 2,312321
3763 2,312936
3764 2,313550
3765 2,314165
3766 2,314780
3767 2,315394
3768 2,316009
3769 2,316624
3770 2,317238
3771 2,317853
3772 2,318468
3773 2,319082
3774 2,319697
3775 2,320312
3776 2,320926
3777 2,321541
3778 2,322156
3779 2,322770
3780 2,323385
3781 2,324000
3782 2,324614
3783 2,325229
3784 2,325844
3785 2,326458
3786 2,327073
3787 2,327687
3788 2,328302
3789 2,328917
3790 2,329531
3791 2,330146
3792 2,330761
3793 2,331375
3794 2,331990
3795 2,332605
3796 2,333219
3797 2,333834
3798 2,334449
3799 2,335063
3800 2,335678
3801 2,336293
3802 2,336907
3803 2,337522
3804 2,338137
3805 2,338751
3806 2,339366
3807 2,339981
3808 2,340595
3809 2,341210
3810 2,341824
3811 2,342439
3812 2,343054
3813 2,343668
3814 2,344283
3815 2,344898
3816 2,345512
3817 2,346127
3818 2,346742
3819 2,347356
3820 2,347971
3821 2,348586
3822 2,349200
3823 2,349815
3824 2,350430
3825 2,351044
3826 2,351659
3827 2,352274
3828 2,352888
3829 2,353503
3830 2,354118
3831 2,354732
3832 2,355347
3833 2,355961
3834 2,356576
3835 2,357191
3836 2,357805
3837 2,358420
3838 2,359035
3839 2,359649
3840 2,360264
3841 2,360879
3842 2,361493
3843 2,362108
3844 2,362723
3845 2,363337
3846 2,363952
3847 2,364567
3848 2,365181
3849 2,365796
3850 2,366411
3851 2,367025
3852 2,367640
3853 2,368254
3854 2,368869
3855 2,369484
3856 2,370098
3857 2,370713
3858 2,371328
3859 2,371942
3860 2,372557
3861 2,373172
3862 2,373786
3863 2,374401
3864 2,375016
3865 2,375630
3866 2,376245
3867 2,376860
3868 2,377474
3869 2,378089
3870 2,378704
3871 2,379318
3872 2,379933
3873 2,380548
3874 2,381162
3875 2,381777
3876 2,382391
3877 2,383006
3878 2,383621
3879 2,384235
3880 2,384850
3881 2,385465
3882 2,386079
3883 2,386694
3884 2,387309
3885 2,387923
3886 2,388538
3887 2,389153
3888 2,389767
3889 2,390382
3890 2,390997
3891 2,391611
3892 2,392226
3893 2,392841
3894 2,393455
3895 2,394070
3896 2,394685
3897 2,395299
3898 2,395914
3899 2,396528
3900 2,397143
3901 2,397758
3902 2,398372
3903 2,398987
3904 2,399602
3905 2,400216
3906 2,400831
3907 2,401446
3908 2,402060
3909 2,402675
3910 2,403290
3911 2,403904
3912 2,404519
3913 2,405134
3914 2,405748
3915 2,406363
3916 2,406978
3917 2,407592
3918 2,408207
3919 2,408822
3920 2,409436
3921 2,410051
3922 2,410665
3923 2,411280
3924 2,411895
3925 2,412509
3926 2,413124
3927 2,413739
3928 2,414353
3929 2,414968
3930 2,415583
3931 2,416197
3932 2,416812
3933 2,417427
3934 2,418041
3935 2,418656
3936 2,419271
3937 2,419885
3938 2,420500
3939 2,421115
3940 2,421729
3941 2,422344
3942 2,422959
3943 2,423573
3944 2,424188
3945 2,424802
3946 2,425417
3947 2,426032
3948 2,426646
3949 2,427261
3950 2,427876
3951 2,428490
3952 2,429105
3953 2,429720
3954 2,430334
3955 2,430949
3956 2,431564
3957 2,432178
3958 2,432793
3959 2,433408
3960 2,434022
3961 2,434637
3962 2,435252
3963 2,435866
3964 2,436481
3965 2,437096
3966 2,437710
3967 2,438325
3968 2,438939
3969 2,439554
3970 2,440169
3971 2,440783
3972 2,441398
3973 2,442013
3974 2,442627
3975 2,443242
3976 2,443857
3977 2,444471
3978 2,445086
3979 2,445701
3980 2,446315
3981 2,446930
3982 2,447545
3983 2,448159
3984 2,448774
3985 2,449389
3986 2,450003
3987 2,450618
3988 2,451233
3989 2,451847
3990 2,452462
3991 2,453076
3992 2,453691
3993 2,454306
3994 2,454920
3995 2,455535
3996 2,456150
3997 2,456764
3998 2,457379
3999 2,457994
4000 2,458608
4001 2,459223
4002 2,459838
4003 2,460452
4004 2,461067
4005 2,461682
4006 2,462296
4007 2,462911
4008 2,463526
4009 2,464140
4010 2,464755
4011 2,465370
4012 2,465984
4013 2,466599
4014 2,467213
4015 2,467828
4016 2,468443
4017 2,469057
4018 2,469672
4019 2,470287
4020 2,470901
4021 2,471516
4022 2,472131
4023 2,472745
4024 2,473360
4025 2,473975
4026 2,474589
4027 2,475204
4028 2,475819
4029 2,476433
4030 2,477048
4031 2,477663
4032 2,478277
4033 2,478892
4034 2,479507
4035 2,480121
4036 2,480736
4037 2,481350
4038 2,481965
4039 2,482580
4040 2,483194
4041 2,483809
4042 2,484424
4043 2,485038
4044 2,485653
4045 2,486268
4046 2,486882
4047 2,487497
4048 2,488112
4049 2,488726
4050 2,489341
4051 2,489956
4052 2,490570
4053 2,491185
4054 2,491800
4055 2,492414
4056 2,493029
4057 2,493644
4058 2,494258
4059 2,494873
4060 2,495487
4061 2,496102
4062 2,496717
4063 2,497331
4064 2,497946
4065 2,498561
4066 2,499175
4067 2,499790
4068 2,500405
4069 2,501019
4070 2,501634
4071 2,502249
4072 2,502863
4073 2,503478
4074 2,504093
4075 2,504707
4076 2,505322
4077 2,505937
4078 2,506551
4079 2,507166
4080 2,507781
4081 2,508395
4082 2,509010
4083 2,509624
4084 2,510239
4085 2,510854
4086 2,511468
4087 2,512083
4088 2,512698
4089 2,513312
4090 2,513927
4091 2,514542
4092 2,515156
4093 2,515771
4094 2,516386
4095 2,517000
4096 2,517615
4097 2,518230
4098 2,518844
4099 2,519459
4100 2,520074
4101 2,520688
4102 2,521303
4103 2,521918
4104 2,522532
4105 2,523147
4106 2,523761
4107 2,524376
4108 2,524991
4109 2,525605
4110 2,526220
4111 2,526835
4112 2,527449
4113 2,528064
4114 2,528679
4115 2,529293
4116 2,529908
4117 2,530523
4118 2,531137
4119 2,531752
4120 2,532367
4121 2,532981
4122 2,533596
4123 2,534211
4124 2,534825
4125 2,535440
4126 2,536055
4127 2,536669
4128 2,537284
4129 2,537898
4130 2,538513
4131 2,539128
4132 2,539742
4133 2,540357
4134 2,540972
4135 2,541586
4136 2,542201
4137 2,542816
4138 2,543430
4139 2,544045
4140 2,544660
4141 2,545274
4142 2,545889
4143 2,546504
4144 2,547118
4145 2,547733
4146 2,548348
4147 2,548962
4148 2,549577
4149 2,550192
4150 2,550806
4151 2,551421
4152 2,552035
4153 2,552650
4154 2,553265
4155 2,553879
4156 2,554494
4157 2,555109
4158 2,555723
4159 2,556338
4160 2,556953
4161 2,557567
4162 2,558182
4163 2,558797
4164 2,559411
4165 2,560026
4166 2,560641
4167 2,561255
4168 2,561870
4169 2,562485
4170 2,563099
4171 2,563714
4172 2,564329
4173 2,564943
4174 2,565558
4175 2,566172
4176 2,566787
4177 2,567402
4178 2,568016
4179 2,568631
4180 2,569246
4181 2,569860
4182 2,570475
4183 2,571090
4184 2,571704
4185 2,572319
4186 2,572934
4187 2,573548
4188 2,574163
4189 2,574778
4190 2,575392
4191 2,576007
4192 2,576622
4193 2,577236
4194 2,577851
4195 2,578466
4196 2,579080
4197 2,579695
4198 2,580309
4199 2,580924
4200 2,581539
4201 2,582153
4202 2,582768
4203 2,583383
4204 2,583997
4205 2,584612
4206 2,585227
4207 2,585841
4208 2,586456
4209 2,587071
4210 2,587685
4211 2,588300
4212 2,588915
4213 2,589529
4214 2,590144
4215 2,590759
4216 2,591373
4217 2,591988
4218 2,592603
4219 2,593217
4220 2,593832
4221 2,594446
4222 2,595061
4223 2,595676
4224 2,596290
4225 2,596905
4226 2,597520
4227 2,598134
4228 2,598749
4229 2,599364
4230 2,599978
4231 2,600593
4232 2,601208
4233 2,601822
4234 2,602437
4235 2,603052
4236 2,603666
4237 2,604281
4238 2,604896
4239 2,605510
4240 2,606125
4241 2,606740
4242 2,607354
4243 2,607969
4244 2,608583
4245 2,609198
4246 2,609813
4247 2,610427
4248 2,611042
4249 2,611657
4250 2,612271
4251 2,612886
4252 2,613501
4253 2,614115
4254 2,614730
4255 2,615345
4256 2,615959
4257 2,616574
4258 2,617189
4259 2,617803
4260 2,618418
4261 2,619033
4262 2,619647
4263 2,620262
4264 2,620877
4265 2,621491
4266 2,622106
4267 2,622720
4268 2,623335
4269 2,623950
4270 2,624564
4271 2,625179
4272 2,625794
4273 2,626408
4274 2,627023
4275 2,627638
4276 2,628252
4277 2,628867
4278 2,629482
4279 2,630096
4280 2,630711
4281 2,631326
4282 2,631940
4283 2,632555
4284 2,633170
4285 2,633784
4286 2,634399
4287 2,635014
4288 2,635628
4289 2,636243
4290 2,636857
4291 2,637472
4292 2,638087
4293 2,638701
4294 2,639316
4295 2,639931
4296 2,640545
4297 2,641160
4298 2,641775
4299 2,642389
4300 2,643004
4301 2,643619
4302 2,644233
4303 2,644848
4304 2,645463
4305 2,646077
4306 2,646692
4307 2,647307
4308 2,647921
4309 2,648536
4310 2,649151
4311 2,649765
4312 2,650380
4313 2,650994
4314 2,651609
4315 2,652224
4316 2,652838
4317 2,653453
4318 2,654068
4319 2,654682
4320 2,655297
4321 2,655912
4322 2,656526
4323 2,657141
4324 2,657756
4325 2,658370
4326 2,658985
4327 2,659600
4328 2,660214
4329 2,660829
4330 2,661444
4331 2,662058
4332 2,662673
4333 2,663288
4334 2,663902
4335 2,664517
4336 2,665131
4337 2,665746
4338 2,666361
4339 2,666975
4340 2,667590
4341 2,668205
4342 2,668819
4343 2,669434
4344 2,670049
4345 2,670663
4346 2,671278
4347 2,671893
4348 2,672507
4349 2,673122
4350 2,673737
4351 2,674351
4352 2,674966
4353 2,675581
4354 2,676195
4355 2,676810
4356 2,677424
4357 2,678039
4358 2,678654
4359 2,679268
4360 2,679883
4361 2,680498
4362 2,681112
4363 2,681727
4364 2,682342
4365 2,682956
4366 2,683571
4367 2,684186
4368 2,684800
4369 2,685415
4370 2,686030
4371 2,686644
4372 2,687259
4373 2,687874
4374 2,688488
4375 2,689103
4376 2,689718
4377 2,690332
4378 2,690947
4379 2,691561
4380 2,692176
4381 2,692791
4382 2,693405
4383 2,694020
4384 2,694635
4385 2,695249
4386 2,695864
4387 2,696479
4388 2,697093
4389 2,697708
4390 2,698323
4391 2,698937
4392 2,699552
4393 2,700167
4394 2,700781
4395 2,701396
4396 2,702011
4397 2,702625
4398 2,703240
4399 2,703855
4400 2,704469
4401 2,705084
4402 2,705698
4403 2,706313
4404 2,706928
4405 2,707542
4406 2,708157
4407 2,708772
4408 2,709386
4409 2,710001
4410 2,710616
4411 2,711230
4412 2,711845
4413 2,712460
4414 2,713074
4415 2,713689
4416 2,714304
4417 2,714918
4418 2,715533
4419 2,716148
4420 2,716762
4421 2,717377
4422 2,717992
4423 2,718606
4424 2,719221
4425 2,719835
4426 2,720450
4427 2,721065
4428 2,721679
4429 2,722294
4430 2,722909
4431 2,723523
4432 2,724138
4433 2,724753
4434 2,725367
4435 2,725982
4436 2,726597
4437 2,727211
4438 2,727826
4439 2,728441
4440 2,729055
4441 2,729670
4442 2,730285
4443 2,730899
4444 2,731514
4445 2,732129
4446 2,732743
4447 2,733358
4448 2,733972
4449 2,734587
4450 2,735202
4451 2,735816
4452 2,736431
4453 2,737046
4454 2,737660
4455 2,738275
4456 2,738890
4457 2,739504
4458 2,740119
4459 2,740734
4460 2,741348
4461 2,741963
4462 2,742578
4463 2,743192
4464 2,743807
4465 2,744422
4466 2,745036
4467 2,745651
4468 2,746266
4469 2,746880
4470 2,747495
4471 2,748109
4472 2,748724
4473 2,749339
4474 2,749953
4475 2,750568
4476 2,751183
4477 2,751797
4478 2,752412
4479 2,753027
4480 2,753641
4481 2,754256
4482 2,754871
4483 2,755485
4484 2,756100
4485 2,756715
4486 2,757329
4487 2,757944
4488 2,758559
4489 2,759173
4490 2,759788
4491 2,760403
4492 2,761017
4493 2,761632
4494 2,762246
4495 2,762861
4496 2,763476
4497 2,764090
4498 2,764705
4499 2,765320
4500 2,765934
4501 2,766549
4502 2,767164
4503 2,767778
4504 2,768393
4505 2,769008
4506 2,769622
4507 2,770237
4508 2,770852
4509 2,771466
4510 2,772081
4511 2,772696
4512 2,773310
4513 2,773925
4514 2,774540
4515 2,775154
4516 2,775769
4517 2,776383
4518 2,776998
4519 2,777613
4520 2,778227
4521 2,778842
4522 2,779457
4523 2,780071
4524 2,780686
4525 2,781301
4526 2,781915
4527 2,782530
4528 2,783145
4529 2,783759
4530 2,784374
4531 2,784989
4532 2,785603
4533 2,786218
4534 2,786833
4535 2,787447
4536 2,788062
4537 2,788677
4538 2,789291
4539 2,789906
4540 2,790520
4541 2,791135
4542 2,791750
4543 2,792364
4544 2,792979
4545 2,793594
4546 2,794208
4547 2,794823
4548 2,795438
4549 2,796052
4550 2,796667
4551 2,797282
4552 2,797896
4553 2,798511
4554 2,799126
4555 2,799740
4556 2,800355
4557 2,800970
4558 2,801584
4559 2,802199
4560 2,802814
4561 2,803428
4562 2,804043
4563 2,804657
4564 2,805272
4565 2,805887
4566 2,806501
4567 2,807116
4568 2,807731
4569 2,808345
4570 2,808960
4571 2,809575
4572 2,810189
4573 2,810804
4574 2,811419
4575 2,812033
4576 2,812648
4577 2,813263
4578 2,813877
4579 2,814492
4580 2,815107
4581 2,815721
4582 2,816336
4583 2,816951
4584 2,817565
4585 2,818180
4586 2,818794
4587 2,819409
4588 2,820024
4589 2,820638
4590 2,821253
4591 2,821868
4592 2,822482
4593 2,823097
4594 2,823712
4595 2,824326
4596 2,824941
4597 2,825556
4598 2,826170
4599 2,826785
4600 2,827400
4601 2,828014
4602 2,828629
4603 2,829244
4604 2,829858
4605 2,830473
4606 2,831088
4607 2,831702
4608 2,832317
4609 2,832931
4610 2,833546
4611 2,834161
4612 2,834775
4613 2,835390
4614 2,836005
4615 2,836619
4616 2,837234
4617 2,837849
4618 2,838463
4619 2,839078
4620 2,839693
4621 2,840307
4622 2,840922
4623 2,841537
4624 2,842151
4625 2,842766
4626 2,843381
4627 2,843995
4628 2,844610
4629 2,845225
4630 2,845839
4631 2,846454
4632 2,847068
4633 2,847683
4634 2,848298
4635 2,848912
4636 2,849527
4637 2,850142
4638 2,850756
4639 2,851371
4640 2,851986
4641 2,852600
4642 2,853215
4643 2,853830
4644 2,854444
4645 2,855059
4646 2,855674
4647 2,856288
4648 2,856903
4649 2,857518
4650 2,858132
4651 2,858747
4652 2,859362
4653 2,859976
4654 2,860591
4655 2,861205
4656 2,861820
4657 2,862435
4658 2,863049
4659 2,863664
4660 2,864279
4661 2,864893
4662 2,865508
4663 2,866123
4664 2,866737
4665 2,867352
4666 2,867967
4667 2,868581
4668 2,869196
4669 2,869811
4670 2,870425
4671 2,871040
4672 2,871655
4673 2,872269
4674 2,872884
4675 2,873499
4676 2,874113
4677 2,874728
4678 2,875342
4679 2,875957
4680 2,876572
4681 2,877186
4682 2,877801
4683 2,878416
4684 2,879030
4685 2,879645
4686 2,880260
4687 2,880874
4688 2,881489
4689 2,882104
4690 2,882718
4691 2,883333
4692 2,883948
4693 2,884562
4694 2,885177
4695 2,885792
4696 2,886406
4697 2,887021
4698 2,887636
4699 2,888250
4700 2,888865
4701 2,889479
4702 2,890094
4703 2,890709
4704 2,891323
4705 2,891938
4706 2,892553
4707 2,893167
4708 2,893782
4709 2,894397
4710 2,895011
4711 2,895626
4712 2,896241
4713 2,896855
4714 2,897470
4715 2,898085
4716 2,898699
4717 2,899314
4718 2,899929
4719 2,900543
4720 2,901158
4721 2,901773
4722 2,902387
4723 2,903002
4724 2,903616
4725 2,904231
4726 2,904846
4727 2,905460
4728 2,906075
4729 2,906690
4730 2,907304
4731 2,907919
4732 2,908534
4733 2,909148
4734 2,909763
4735 2,910378
4736 2,910992
4737 2,911607
4738 2,912222
4739 2,912836
4740 2,913451
4741 2,914066
4742 2,914680
4743 2,915295
4744 2,915910
4745 2,916524
4746 2,917139
4747 2,917753
4748 2,918368
4749 2,918983
4750 2,919597
4751 2,920212
4752 2,920827
4753 2,921441
4754 2,922056
4755 2,922671
4756 2,923285
4757 2,923900
4758 2,924515
4759 2,925129
4760 2,925744
4761 2,926359
4762 2,926973
4763 2,927588
4764 2,928203
4765 2,928817
4766 2,929432
4767 2,930047
4768 2,930661
4769 2,931276
4770 2,931890
4771 2,932505
4772 2,933120
4773 2,933734
4774 2,934349
4775 2,934964
4776 2,935578
4777 2,936193
4778 2,936808
4779 2,937422
4780 2,938037
4781 2,938652
4782 2,939266
4783 2,939881
4784 2,940496
4785 2,941110
4786 2,941725
4787 2,942340
4788 2,942954
4789 2,943569
4790 2,944184
4791 2,944798
4792 2,945413
4793 2,946027
4794 2,946642
4795 2,947257
4796 2,947871
4797 2,948486
4798 2,949101
4799 2,949715
4800 2,950330
4801 2,950945
4802 2,951559
4803 2,952174
4804 2,952789
4805 2,953403
4806 2,954018
4807 2,954633
4808 2,955247
4809 2,955862
4810 2,956477
4811 2,957091
4812 2,957706
4813 2,958321
4814 2,958935
4815 2,959550
4816 2,960164
4817 2,960779
4818 2,961394
4819 2,962008
4820 2,962623
4821 2,963238
4822 2,963852
4823 2,964467
4824 2,965082
4825 2,965696
4826 2,966311
4827 2,966926
4828 2,967540
4829 2,968155
4830 2,968770
4831 2,969384
4832 2,969999
4833 2,970614
4834 2,971228
4835 2,971843
4836 2,972458
4837 2,973072
4838 2,973687
4839 2,974301
4840 2,974916
4841 2,975531
4842 2,976145
4843 2,976760
4844 2,977375
4845 2,977989
4846 2,978604
4847 2,979219
4848 2,979833
4849 2,980448
4850 2,981063
4851 2,981677
4852 2,982292
4853 2,982907
4854 2,983521
4855 2,984136
4856 2,984751
4857 2,985365
4858 2,985980
4859 2,986595
4860 2,987209
4861 2,987824
4862 2,988438
4863 2,989053
4864 2,989668
4865 2,990282
4866 2,990897
4867 2,991512
4868 2,992126
4869 2,992741
4870 2,993356
4871 2,993970
4872 2,994585
4873 2,995200
4874 2,995814
4875 2,996429
4876 2,997044
4877 2,997658
4878 2,998273
4879 2,998888
4880 2,999502
4881 3,000117
4882 3,000731
4883 3,001346
4884 3,001961
4885 3,002575
4886 3,003190
4887 3,003805
4888 3,004419
4889 3,005034
4890 3,005649
4891 3,006263
4892 3,006878
4893 3,007493
4894 3,008107
4895 3,008722
4896 3,009337
4897 3,009951
4898 3,010566
4899 3,011181
4900 3,011795
4901 3,012410
4902 3,013025
4903 3,013639
4904 3,014254
4905 3,014868
4906 3,015483
4907 3,016098
4908 3,016712
4909 3,017327
4910 3,017942
4911 3,018556
4912 3,019171
4913 3,019786
4914 3,020400
4915 3,021015
4916 3,021630
4917 3,022244
4918 3,022859
4919 3,023474
4920 3,024088
4921 3,024703
4922 3,025318
4923 3,025932
4924 3,026547
4925 3,027162
4926 3,027776
4927 3,028391
4928 3,029005
4929 3,029620
4930 3,030235
4931 3,030849
4932 3,031464
4933 3,032079
4934 3,032693
4935 3,033308
4936 3,033923
4937 3,034537
4938 3,035152
4939 3,035767
4940 3,036381
4941 3,036996
4942 3,037611
4943 3,038225
4944 3,038840
4945 3,039455
4946 3,040069
4947 3,040684
4948 3,041299
4949 3,041913
4950 3,042528
4951 3,043142
4952 3,043757
4953 3,044372
4954 3,044986
4955 3,045601
4956 3,046216
4957 3,046830
4958 3,047445
4959 3,048060
4960 3,048674
4961 3,049289
4962 3,049904
4963 3,050518
4964 3,051133
4965 3,051748
4966 3,052362
4967 3,052977
4968 3,053592
4969 3,054206
4970 3,054821
4971 3,055436
4972 3,056050
4973 3,056665
4974 3,057279
4975 3,057894
4976 3,058509
4977 3,059123
4978 3,059738
4979 3,060353
4980 3,060967
4981 3,061582
4982 3,062197
4983 3,062811
4984 3,063426
4985 3,064041
4986 3,064655
4987 3,065270
4988 3,065885
4989 3,066499
4990 3,067114
4991 3,067729
4992 3,068343
4993 3,068958
4994 3,069573
4995 3,070187
4996 3,070802
4997 3,071416
4998 3,072031
4999 3,072646
5000 3,073260
5001 3,073875
5002 3,074490
5003 3,075104
5004 3,075719
5005 3,076334
5006 3,076948
5007 3,077563
5008 3,078178
5009 3,078792
5010 3,079407
5011 3,080022
5012 3,080636
5013 3,081251
5014 3,081866
5015 3,082480
5016 3,083095
5017 3,083710
5018 3,084324
5019 3,084939
5020 3,085553
5021 3,086168
5022 3,086783
5023 3,087397
5024 3,088012
5025 3,088627
5026 3,089241
5027 3,089856
5028 3,090471
5029 3,091085
5030 3,091700
5031 3,092315
5032 3,092929
5033 3,093544
5034 3,094159
5035 3,094773
5036 3,095388
5037 3,096003
5038 3,096617
5039 3,097232
5040 3,097847
5041 3,098461
5042 3,099076
5043 3,099690
5044 3,100305
5045 3,100920
5046 3,101534
5047 3,102149
5048 3,102764
5049 3,103378
5050 3,103993
5051 3,104608
5052 3,105222
5053 3,105837
5054 3,106452
5055 3,107066
5056 3,107681
5057 3,108296
5058 3,108910
5059 3,109525
5060 3,110140
5061 3,110754
5062 3,111369
5063 3,111984
5064 3,112598
5065 3,113213
5066 3,113827
5067 3,114442
5068 3,115057
5069 3,115671
5070 3,116286
5071 3,116901
5072 3,117515
5073 3,118130
5074 3,118745
5075 3,119359
5076 3,119974
5077 3,120589
5078 3,121203
5079 3,121818
5080 3,122433
5081 3,123047
5082 3,123662
5083 3,124277
5084 3,124891
5085 3,125506
5086 3,126121
5087 3,126735
5088 3,127350
5089 3,127964
5090 3,128579
5091 3,129194
5092 3,129808
5093 3,130423
5094 3,131038
5095 3,131652
5096 3,132267
5097 3,132882
5098 3,133496
5099 3,134111
5100 3,134726
5101 3,135340
5102 3,135955
5103 3,136570
5104 3,137184
5105 3,137799
5106 3,138414
5107 3,139028
5108 3,139643
5109 3,140258
5110 3,140872
5111 3,141487
5112 3,142101
5113 3,142716
5114 3,143331
5115 3,143945
5116 3,144560
5117 3,145175
5118 3,145789
5119 3,146404
5120 3,147019
5121 3,147633
5122 3,148248
5123 3,148863
5124 3,149477
5125 3,150092
5126 3,150707
5127 3,151321
5128 3,151936
5129 3,152551
5130 3,153165
5131 3,153780
5132 3,154395
5133 3,155009
5134 3,155624
5135 3,156238
5136 3,156853
5137 3,157468
5138 3,158082
5139 3,158697
5140 3,159312
5141 3,159926
5142 3,160541
5143 3,161156
5144 3,161770
5145 3,162385
5146 3,163000
5147 3,163614
5148 3,164229
5149 3,164844
5150 3,165458
5151 3,166073
5152 3,166688
5153 3,167302
5154 3,167917
5155 3,168532
5156 3,169146
5157 3,169761
5158 3,170375
5159 3,170990
5160 3,171605
5161 3,172219
5162 3,172834
5163 3,173449
5164 3,174063
5165 3,174678
5166 3,175293
5167 3,175907
5168 3,176522
5169 3,177137
5170 3,177751
5171 3,178366
5172 3,178981
5173 3,179595
5174 3,180210
5175 3,180825
5176 3,181439
5177 3,182054
5178 3,182669
5179 3,183283
5180 3,183898
5181 3,184512
5182 3,185127
5183 3,185742
5184 3,186356
5185 3,186971
5186 3,187586
5187 3,188200
5188 3,188815
5189 3,189430
5190 3,190044
5191 3,190659
5192 3,191274
5193 3,191888
5194 3,192503
5195 3,193118
5196 3,193732
5197 3,194347
5198 3,194962
5199 3,195576
5200 3,196191
5201 3,196806
5202 3,197420
5203 3,198035
5204 3,198649
5205 3,199264
5206 3,199879
5207 3,200493
5208 3,201108
5209 3,201723
5210 3,202337
5211 3,202952
5212 3,203567
5213 3,204181
5214 3,204796
5215 3,205411
5216 3,206025
5217 3,206640
5218 3,207255
5219 3,207869
5220 3,208484
5221 3,209099
5222 3,209713
5223 3,210328
5224 3,210943
5225 3,211557
5226 3,212172
5227 3,212786
5228 3,213401
5229 3,214016
5230 3,214630
5231 3,215245
5232 3,215860
5233 3,216474
5234 3,217089
5235 3,217704
5236 3,218318
5237 3,218933
5238 3,219548
5239 3,220162
5240 3,220777
5241 3,221392
5242 3,222006
5243 3,222621
5244 3,223236
5245 3,223850
5246 3,224465
5247 3,225080
5248 3,225694
5249 3,226309
5250 3,226923
5251 3,227538
5252 3,228153
5253 3,228767
5254 3,229382
5255 3,229997
5256 3,230611
5257 3,231226
5258 3,231841
5259 3,232455
5260 3,233070
5261 3,233685
5262 3,234299
5263 3,234914
5264 3,235529
5265 3,236143
5266 3,236758
5267 3,237373
5268 3,237987
5269 3,238602
5270 3,239217
5271 3,239831
5272 3,240446
5273 3,241060
5274 3,241675
5275 3,242290
5276 3,242904
5277 3,243519
5278 3,244134
5279 3,244748
5280 3,245363
5281 3,245978
5282 3,246592
5283 3,247207
5284 3,247822
5285 3,248436
5286 3,249051
5287 3,249666
5288 3,250280
5289 3,250895
5290 3,251510
5291 3,252124
5292 3,252739
5293 3,253354
5294 3,253968
5295 3,254583
5296 3,255197
5297 3,255812
5298 3,256427
5299 3,257041
5300 3,257656
5301 3,258271
5302 3,258885
5303 3,259500
5304 3,260115
5305 3,260729
5306 3,261344
5307 3,261959
5308 3,262573
5309 3,263188
5310 3,263803
5311 3,264417
5312 3,265032
5313 3,265647
5314 3,266261
5315 3,266876
5316 3,267491
5317 3,268105
5318 3,268720
5319 3,269334
5320 3,269949
5321 3,270564
5322 3,271178
5323 3,271793
5324 3,272408
5325 3,273022
5326 3,273637
5327 3,274252
5328 3,274866
5329 3,275481
5330 3,276096
5331 3,276710
5332 3,277325
5333 3,277940
5334 3,278554
5335 3,279169
5336 3,279784
5337 3,280398
5338 3,281013
5339 3,281628
5340 3,282242
5341 3,282857
5342 3,283471
5343 3,284086
5344 3,284701
5345 3,285315
5346 3,285930
5347 3,286545
5348 3,287159
5349 3,287774
5350 3,288389
5351 3,289003
5352 3,289618
5353 3,290233
5354 3,290847
5355 3,291462
5356 3,292077
5357 3,292691
5358 3,293306
5359 3,293921
5360 3,294535
5361 3,295150
5362 3,295765
5363 3,296379
5364 3,296994
5365 3,297608
5366 3,298223
5367 3,298838
5368 3,299452
5369 3,300067
5370 3,300682
5371 3,301296
5372 3,301911
5373 3,302526
5374 3,303140
5375 3,303755
5376 3,304370
5377 3,304984
5378 3,305599
5379 3,306214
5380 3,306828
5381 3,307443
5382 3,308058
5383 3,308672
5384 3,309287
5385 3,309901
5386 3,310516
5387 3,311131
5388 3,311745
5389 3,312360
5390 3,312975
5391 3,313589
5392 3,314204
5393 3,314819
5394 3,315433
5395 3,316048
5396 3,316663
5397 3,317277
5398 3,317892
5399 3,318507
5400 3,319121
5401 3,319736
5402 3,320351
5403 3,320965
5404 3,321580
5405 3,322195
5406 3,322809
5407 3,323424
5408 3,324038
5409 3,324653
5410 3,325268
5411 3,325882
5412 3,326497
5413 3,327112
5414 3,327726
5415 3,328341
5416 3,328956
5417 3,329570
5418 3,330185
5419 3,330800
5420 3,331414
5421 3,332029
5422 3,332644
5423 3,333258
5424 3,333873
5425 3,334488
5426 3,335102
5427 3,335717
5428 3,336332
5429 3,336946
5430 3,337561
5431 3,338175
5432 3,338790
5433 3,339405
5434 3,340019
5435 3,340634
5436 3,341249
5437 3,341863
5438 3,342478
5439 3,343093
5440 3,343707
5441 3,344322
5442 3,344937
5443 3,345551
5444 3,346166
5445 3,346781
5446 3,347395
5447 3,348010
5448 3,348625
5449 3,349239
5450 3,349854
5451 3,350469
5452 3,351083
5453 3,351698
5454 3,352312
5455 3,352927
5456 3,353542
5457 3,354156
5458 3,354771
5459 3,355386
5460 3,356000
5461 3,356615
5462 3,357230
5463 3,357844
5464 3,358459
5465 3,359074
5466 3,359688
5467 3,360303
5468 3,360918
5469 3,361532
5470 3,362147
5471 3,362762
5472 3,363376
5473 3,363991
5474 3,364606
5475 3,365220
5476 3,365835
5477 3,366449
5478 3,367064
5479 3,367679
5480 3,368293
5481 3,368908
5482 3,369523
5483 3,370137
5484 3,370752
5485 3,371367
5486 3,371981
5487 3,372596
5488 3,373211
5489 3,373825
5490 3,374440
5491 3,375055
5492 3,375669
5493 3,376284
5494 3,376899
5495 3,377513
5496 3,378128
5497 3,378743
5498 3,379357
5499 3,379972
5500 3,380586
5501 3,381201
5502 3,381816
5503 3,382430
5504 3,383045
5505 3,383660
5506 3,384274
5507 3,384889
5508 3,385504
5509 3,386118
5510 3,386733
5511 3,387348
5512 3,387962
5513 3,388577
5514 3,389192
5515 3,389806
5516 3,390421
5517 3,391036
5518 3,391650
5519 3,392265
5520 3,392880
5521 3,393494
5522 3,394109
5523 3,394723
5524 3,395338
5525 3,395953
5526 3,396567
5527 3,397182
5528 3,397797
5529 3,398411
5530 3,399026
5531 3,399641
5532 3,400255
5533 3,400870
5534 3,401485
5535 3,402099
5536 3,402714
5537 3,403329
5538 3,403943
5539 3,404558
5540 3,405173
5541 3,405787
5542 3,406402
5543 3,407017
5544 3,407631
5545 3,408246
5546 3,408860
5547 3,409475
5548 3,410090
5549 3,410704
5550 3,411319
5551 3,411934
5552 3,412548
5553 3,413163
5554 3,413778
5555 3,414392
5556 3,415007
5557 3,415622
5558 3,416236
5559 3,416851
5560 3,417466
5561 3,418080
5562 3,418695
5563 3,419310
5564 3,419924
5565 3,420539
5566 3,421154
5567 3,421768
5568 3,422383
5569 3,422997
5570 3,423612
5571 3,424227
5572 3,424841
5573 3,425456
5574 3,426071
5575 3,426685
5576 3,427300
5577 3,427915
5578 3,428529
5579 3,429144
5580 3,429759
5581 3,430373
5582 3,430988
5583 3,431603
5584 3,432217
5585 3,432832
5586 3,433447
5587 3,434061
5588 3,434676
5589 3,435291
5590 3,435905
5591 3,436520
5592 3,437134
5593 3,437749
5594 3,438364
5595 3,438978
5596 3,439593
5597 3,440208
5598 3,440822
5599 3,441437
5600 3,442052
5601 3,442666
5602 3,443281
5603 3,443896
5604 3,444510
5605 3,445125
5606 3,445740
5607 3,446354
5608 3,446969
5609 3,447584
5610 3,448198
5611 3,448813
5612 3,449428
5613 3,450042
5614 3,450657
5615 3,451271
5616 3,451886
5617 3,452501
5618 3,453115
5619 3,453730
5620 3,454345
5621 3,454959
5622 3,455574
5623 3,456189
5624 3,456803
5625 3,457418
5626 3,458033
5627 3,458647
5628 3,459262
5629 3,459877
5630 3,460491
5631 3,461106
5632 3,461721
5633 3,462335
5634 3,462950
5635 3,463565
5636 3,464179
5637 3,464794
5638 3,465408
5639 3,466023
5640 3,466638
5641 3,467252
5642 3,467867
5643 3,468482
5644 3,469096
5645 3,469711
5646 3,470326
5647 3,470940
5648 3,471555
5649 3,472170
5650 3,472784
5651 3,473399
5652 3,474014
5653 3,474628
5654 3,475243
5655 3,475858
5656 3,476472
5657 3,477087
5658 3,477702
5659 3,478316
5660 3,478931
5661 3,479545
5662 3,480160
5663 3,480775
5664 3,481389
5665 3,482004
5666 3,482619
5667 3,483233
5668 3,483848
5669 3,484463
5670 3,485077
5671 3,485692
5672 3,486307
5673 3,486921
5674 3,487536
5675 3,488151
5676 3,488765
5677 3,489380
5678 3,489995
5679 3,490609
5680 3,491224
5681 3,491839
5682 3,492453
5683 3,493068
5684 3,493682
5685 3,494297
5686 3,494912
5687 3,495526
5688 3,496141
5689 3,496756
5690 3,497370
5691 3,497985
5692 3,498600
5693 3,499214
5694 3,499829
5695 3,500444
5696 3,501058
5697 3,501673
5698 3,502288
5699 3,502902
5700 3,503517
5701 3,504132
5702 3,504746
5703 3,505361
5704 3,505976
5705 3,506590
5706 3,507205
5707 3,507819
5708 3,508434
5709 3,509049
5710 3,509663
5711 3,510278
5712 3,510893
5713 3,511507
5714 3,512122
5715 3,512737
5716 3,513351
5717 3,513966
5718 3,514581
5719 3,515195
5720 3,515810
5721 3,516425
5722 3,517039
5723 3,517654
5724 3,518269
5725 3,518883
5726 3,519498
5727 3,520113
5728 3,520727
5729 3,521342
5730 3,521956
5731 3,522571
5732 3,523186
5733 3,523800
5734 3,524415
5735 3,525030
5736 3,525644
5737 3,526259
5738 3,526874
5739 3,527488
5740 3,528103
5741 3,528718
5742 3,529332
5743 3,529947
5744 3,530562
5745 3,531176
5746 3,531791
5747 3,532406
5748 3,533020
5749 3,533635
5750 3,534250
5751 3,534864
5752 3,535479
5753 3,536093
5754 3,536708
5755 3,537323
5756 3,537937
5757 3,538552
5758 3,539167
5759 3,539781
5760 3,540396
5761 3,541011
5762 3,541625
5763 3,542240
5764 3,542855
5765 3,543469
5766 3,544084
5767 3,544699
5768 3,545313
5769 3,545928
5770 3,546543
5771 3,547157
5772 3,547772
5773 3,548387
5774 3,549001
5775 3,549616
5776 3,550230
5777 3,550845
5778 3,551460
5779 3,552074
5780 3,552689
5781 3,553304
5782 3,553918
5783 3,554533
5784 3,555148
5785 3,555762
5786 3,556377
5787 3,556992
5788 3,557606
5789 3,558221
5790 3,558836
5791 3,559450
5792 3,560065
5793 3,560680
5794 3,561294
5795 3,561909
5796 3,562524
5797 3,563138
5798 3,563753
5799 3,564367
5800 3,564982
5801 3,565597
5802 3,566211
5803 3,566826
5804 3,567441
5805 3,568055
5806 3,568670
5807 3,569285
5808 3,569899
5809 3,570514
5810 3,571129
5811 3,571743
5812 3,572358
5813 3,572973
5814 3,573587
5815 3,574202
5816 3,574817
5817 3,575431
5818 3,576046
5819 3,576661
5820 3,577275
5821 3,577890
5822 3,578504
5823 3,579119
5824 3,579734
5825 3,580348
5826 3,580963
5827 3,581578
5828 3,582192
5829 3,582807
5830 3,583422
5831 3,584036
5832 3,584651
5833 3,585266
5834 3,585880
5835 3,586495
5836 3,587110
5837 3,587724
5838 3,588339
5839 3,588954
5840 3,589568
5841 3,590183
5842 3,590798
5843 3,591412
5844 3,592027
5845 3,592641
5846 3,593256
5847 3,593871
5848 3,594485
5849 3,595100
5850 3,595715
5851 3,596329
5852 3,596944
5853 3,597559
5854 3,598173
5855 3,598788
5856 3,599403
5857 3,600017
5858 3,600632
5859 3,601247
5860 3,601861
5861 3,602476
5862 3,603091
5863 3,603705
5864 3,604320
5865 3,604935
5866 3,605549
5867 3,606164
5868 3,606778
5869 3,607393
5870 3,608008
5871 3,608622
5872 3,609237
5873 3,609852
5874 3,610466
5875 3,611081
5876 3,611696
5877 3,612310
5878 3,612925
5879 3,613540
5880 3,614154
5881 3,614769
5882 3,615384
5883 3,615998
5884 3,616613
5885 3,617228
5886 3,617842
5887 3,618457
5888 3,619072
5889 3,619686
5890 3,620301
5891 3,620915
5892 3,621530
5893 3,622145
5894 3,622759
5895 3,623374
5896 3,623989
5897 3,624603
5898 3,625218
5899 3,625833
5900 3,626447
5901 3,627062
5902 3,627677
5903 3,628291
5904 3,628906
5905 3,629521
5906 3,630135
5907 3,630750
5908 3,631365
5909 3,631979
5910 3,632594
5911 3,633208
5912 3,633823
5913 3,634438
5914 3,635052
5915 3,635667
5916 3,636282
5917 3,636896
5918 3,637511
5919 3,638126
5920 3,638740
5921 3,639355
5922 3,639970
5923 3,640584
5924 3,641199
5925 3,641814
5926 3,642428
5927 3,643043
5928 3,643658
5929 3,644272
5930 3,644887
5931 3,645502
5932 3,646116
5933 3,646731
5934 3,647345
5935 3,647960
5936 3,648575
5937 3,649189
5938 3,649804
5939 3,650419
5940 3,651033
5941 3,651648
5942 3,652263
5943 3,652877
5944 3,653492
5945 3,654107
5946 3,654721
5947 3,655336
5948 3,655951
5949 3,656565
5950 3,657180
5951 3,657795
5952 3,658409
5953 3,659024
5954 3,659639
5955 3,660253
5956 3,660868
5957 3,661482
5958 3,662097
5959 3,662712
5960 3,663326
5961 3,663941
5962 3,664556
5963 3,665170
5964 3,665785
5965 3,666400
5966 3,667014
5967 3,667629
5968 3,668244
5969 3,668858
5970 3,669473
5971 3,670088
5972 3,670702
5973 3,671317
5974 3,671932
5975 3,672546
5976 3,673161
5977 3,673776
5978 3,674390
5979 3,675005
5980 3,675619
5981 3,676234
5982 3,676849
5983 3,677463
5984 3,678078
5985 3,678693
5986 3,679307
5987 3,679922
5988 3,680537
5989 3,681151
5990 3,681766
5991 3,682381
5992 3,682995
5993 3,683610
5994 3,684225
5995 3,684839
5996 3,685454
5997 3,686069
5998 3,686683
5999 3,687298
